0.0026811147009064 0.00136987852862873 0.000754487207241005 0.00152397555359682 0.000961486720631429 0.000980377872588894 0.00128361555189255 0.00101318079615002 0.000699393803041617 0.000946304226358945 0.000809414916967929 0.000961087302557856 0.000866441811739099 0.000738051648875498 0.000550598429896088 0.00115118447987968 0.000770194689025154 0.00104823594254004 0.000944654668036106 0.00144110149092723 0.00120856868228191 0.000741259739989999 0.00103851231664878 0.000814307895063632 0.000657097452472442 0.00132302703127341 0.000929907060278767 0.000588727200583692 0.00115534809196281 0.00165925787056533 0.000705448258726476 0.00113596200741853 0.000873399544319524 0.000723664750248388 0.00058017438072244 0.000896403309819419 0.000739419047697962 0.000731547011910731 0.000517565937536368 0.000808133481471586 0.00148152972398148 0.000695383205188623 0.00126060952049917 0.000803234456472629 0.00186102427454511 0.00119125934908579 0.000919627369736865 0.000782454625101993 0.000731661898784691 0.00051565210079303 0.00087665011605171 0.00110924409477878 0.00100219621404349 0.00130872572418091 0.000792798382928692 0.000896429723776873 0.000719266021949865 0.000883956505149729 0.00121586175075577 0.000945755261856337 0.000849620750380466 0.000659861124991354 0.00132788726648004 0.000980724077238888 0.00116508332906072 0.000719449024966676 0.00081437999696884 0.000849540575655089 0.000795941976039769 0.00120779281614749 0.00101769687333286 0.000632050989467186 0.0010060804264757 0.00110023812438162 0.000963524475050139 0.000527941830803245 0.00112065636118838 0.00126241696365166 0.000566591002265241 0.00159487747745523
0.00136987852862873 0.00280384132044006 0.00120043591216242 0.000922435102825352 0.000894003837907858 0.00146550213756487 0.000789219851364568 0.000804953564344787 0.00053056398835599 0.00126991113479553 0.00119458519819161 0.000578007368071578 0.000680011261513621 0.00137136554183309 0.000980488765729478 0.000956291476720419 0.000957790070870669 0.000755589183679286 0.00110039414336112 0.00081749518167804 0.000794684106474745 0.00126288223574256 0.000676314691444186 0.00079180395338122 0.00109446691829991 0.00080044276344733 0.00112050738020909 0.00119937582545754 0.000931758380754312 0.00118387017003922 0.000881466348968702 0.00107932282513266 0.0013824818532774 0.000698026099645032 0.000715501863372465 0.00122852570832968 0.000758437345631726 0.00116016114664044 0.00129118806397265 0.00132701398900186 0.000952119810505576 0.00138075917114913 0.000681234782094931 0.000860259686877318 0.000626995777602011 0.000668496206934156 0.000720708659224306 0.000910502500639368 0.00107751472232137 0.00122089452698632 0.00131832000188309 0.000840555511945453 0.000762430277170022 0.000886219727706809 0.000632946253903801 0.000654219322923259 0.00080826867231708 0.00103722579902871 0.000767988748298631 0.000886209019504869 0.00138471843723773 0.00121441602387761 0.00107430562319537 0.000801342582205163 0.000859300737115979 0.00102088381077786 0.000954851483257138 0.000735482849883852 0.00125644938567451 0.000987235856967913 0.000875736513417395 0.00112302076017327 0.000733330378440504 0.000994056231742417 0.0016504752577874 0.00140062384202836 0.000779044987281828 0.000733347718669886 0.000992590473551401 0.00150253220707703
0.000754487207241005 0.00120043591216242 0.00128398774155545 0.000518973595126302 0.000825256402687583 0.000898078074167055 0.000950829225231875 0.00205890438361918 0.00136867815679806 0.00144371445300393 0.00194687160321967 0.000841714264986507 0.00127260734099034 0.000895890669236943 0.000611727545378737 0.000640459914989056 0.00108321282872965 0.00113932669800008 0.000446716401153725 0.000588751572687097 0.000883350871632802 0.00104971282377072 0.0015019750696566 0.000922653687028519 0.00111144098211543 0.00144847015851567 0.00107224444647925 0.00088141216574531 0.0012846140701865 0.00145742284702949 0.000792139939627823 0.000688539661417795 0.000890432367132836 0.00106620838283178 0.00103840806275049 0.000891883063839253 0.00105369900851515 0.00095994293752174 0.00174115717784617 0.0010533958564444 0.00107742521251642 0.0012443121470662 0.0008030982113049 0.00141811012711952 0.00103395346805745 0.000646767123858615 0.00169759380511006 0.00189627433867371 0.00103292214626895 0.00103561300433779 0.000839989533809849 0.00141127356919304 0.0016161770075768 0.000648238930790423 0.00155042279948213 0.00100896141271647 0.000887567577086778 0.000789054324646861 0.000728746110776418 0.000956823787557147 0.0008025021846089 0.00120708257018672 0.00075004053064604 0.00072953301421838 0.000983481199352136 0.00184715982316541 0.000912223221737792 0.000803548411703217 0.00151668053442221 0.00085090035395049 0.00081045866329185 0.000731281075808713 0.00063059690351111 0.000778093580459828 0.0013342541931472 0.000708427970908319 0.00117685537651626 0.000982702551526457 0.00153105483991682 0.00120882811551731
0.00152397555359682 0.000922435102825352 0.000518973595126302 0.00327566240487064 0.00234559423889774 0.00131919920266254 0.00101591584445716 0.00117608974792554 0.00124894043761741 0.000813836162269583 0.000886244319354192 0.000500565759200423 0.00111084791517112 0.00053196542234064 0.000746518898852213 0.00117448676694557 0.00112267862725812 0.00142158805873998 0.00142440338823762 0.000818036392829092 0.000754610550053037 0.000750173969730522 0.000510076151271887 0.000851419993802845 0.00107109310834313 0.000805402210614748 0.00123363948657977 0.00106135964005946 0.000593965780660735 0.000998264738916218 0.000756680211845945 0.00113078454074691 0.000967670334959319 0.000957855149681726 0.000535626593677223 0.000831276583599618 0.00125078029416343 0.00122802897013238 0.00107294972392291 0.00101661876726439 0.00085072031564103 0.00175479238788116 0.00117231856942163 0.000556509021362559 0.000885737723734238 0.00122964000951693 0.000552310850196981 0.00075393597995741 0.00110785899954208 0.000915825953524275 0.000943020373748767 0.00106606822816672 0.0011301383517163 0.000923878776353112 0.00117473207141265 0.000974670147851101 0.00165309097653701 0.00084122935270651 0.00114069539228155 0.00107327870882554 0.00063280091077464 0.00163095718030835 0.000892543324016894 0.00117535167887096 0.00100996033202311 0.000614431346476886 0.000757730767378516 0.000409548887747064 0.00067967107456829 0.00108084733775398 0.00165386769610314 0.000673768309950335 0.000972138274494742 0.000792546976871013 0.00058026443921045 0.000789692116652986 0.00108063664337996 0.00154602513816618 0.00082451487095828 0.000700217511644038
0.000961486720631429 0.000894003837907858 0.000825256402687583 0.00234559423889774 0.0017150530473218 0.000845990682578098 0.000809411664299811 0.000825776562961584 0.000864971891864823 0.00134499951427988 0.00119828792152435 0.00157414053464995 0.00177633424056509 0.00121354946491306 0.000736858451789958 0.000967867529027379 0.00172662737046128 0.000810064328259843 0.00111037151820602 0.00122756522298836 0.000820576283095991 0.000785206435276599 0.0015467759826942 0.00143314002046658 0.000925447724404982 0.000822271346588944 0.000864373503835739 0.000868611302631463 0.00106406950413575 0.000965999918066837 0.00119718494267409 0.0012926955367375 0.00144076660675201 0.00109011942131537 0.00150352288492292 0.000924706010704742 0.00135147516018613 0.000639911446789532 0.000886345981349704 0.00125260611646319 0.00064642931211567 0.000921897755563908 0.000953535339472437 0.000732458254045924 0.000898938874896024 0.000970921423109942 0.000915484170341572 0.0013771163374556 0.000349259311466579 0.000861486230882909 0.0015850106372932 0.00117576297505026 0.00166133275791828 0.000986975011288836 0.000912170583724628 0.00059099656981292 0.00123276184635375 0.00078299724145027 0.000962107156255643 0.000781836899269676 0.000928888870529823 0.000896614555414238 0.000784371340828374 0.00110054475858014 0.000876818851112862 0.0010152389005512 0.000904738585369776 0.00165200804102009 0.000673698671080995 0.000847652662771814 0.000893586941234159 0.00126288340658191 0.000469400653265103 0.00104387868688083 0.000687200850874193 0.00130392170863464 0.00126842088425054 0.000788811256854087 0.00124028836855466 0.00151245031580227
0.000980377872588894 0.00146550213756487 0.000898078074167055 0.00131919920266254 0.000845990682578098 0.00146092221412392 0.00176250272996209 0.000392331353575686 0.000730431040222598 0.000839589772803989 0.000857130506764338 0.000867346059743736 0.000636869974606792 0.000830957353265862 0.000801139441396504 0.00077616828941104 0.000534676687636233 0.00161448014229634 0.00080824921495434 0.00064733690415307 0.00090052022979653 0.000880556591453536 0.000744482005707135 0.000718306109165601 0.00161088302371439 0.00089248077904402 0.00163950943184431 0.00121674703224337 0.00101705645147 0.00106238163282834 0.00171647481830304 0.00117265536422721 0.00143348943822483 0.00119370684965819 0.000926751717939822 0.00188119303807964 0.00118994435583007 0.00093439125179762 0.0013616638712291 0.00108747884120414 0.000911569439376116 0.00137148613754544 0.00108145635320306 0.000990211967002682 0.00102602338229776 0.000831771156374072 0.000921773266041128 0.00127700609987506 0.00146749733799632 0.0014273076541897 0.00139043855197826 0.000787732691942701 0.000771735685201005 0.00148600839426468 0.000903527219807632 0.00080442480992799 0.000970819964671143 0.00092110920437169 0.00124823439098859 0.00110012221237463 0.00083066236485404 0.00109665987343204 0.00102805596472101 0.00108674934318372 0.000757339880690935 0.00073653543833706 0.000458900559814448 0.000947614840867764 0.000510886179426267 0.000728055251009509 0.00112266688902127 0.00056060207450667 0.000670039629117331 0.00127926546423477 0.00114098668700748 0.000850924413199533 0.000993369493327496 0.000775332007738346 0.000628572402110817 0.000734626587735867
0.00128361555189255 0.000789219851364568 0.000950829225231875 0.00101591584445716 0.000809411664299811 0.00176250272996209 0.0019367878495697 0.00145926442680198 0.000505631593394405 0.000609900489535945 0.000946154643712009 0.000888309754883696 0.000744567048032131 0.000650281723437877 0.000837416451624138 0.000829446721754291 0.00106213355635763 0.0006810499019121 0.000630654327482171 0.000910048926492024 0.00118781019141599 0.000822393284336797 0.00125264470179525 0.000684560748006839 0.000798326210402232 0.00102921491456252 0.00123319807825988 0.00110966265643733 0.00132753329819619 0.000656589496326275 0.000606535358373258 0.000959462093813818 0.00161690455185977 0.000879005080560058 0.00119845359062781 0.00106472873393621 0.00114265853879454 0.00063578398847225 0.00129824292769572 0.00109832002845462 0.00095028564102272 0.000679282228373949 0.00070002277983446 0.000715573162455274 0.00110350473169595 0.000609736833882184 0.000914527476509677 0.00111584925891667 0.00108602966959202 0.000866479400995682 0.00102501299803436 0.00101571747154124 0.00141677256600809 0.000965938898301236 0.000782281202994795 0.00160617419306773 0.00102749598369192 0.000738155325190645 0.00125779427442996 0.00116476536975263 0.000544405334469072 0.00111018042156449 0.00107092199172582 0.00126917448549666 0.00102759542435505 0.000810428227896475 0.00128672043583777 0.00113006636485689 0.000808230943375785 0.00101148640867177 0.0015789912795465 0.000773664312014431 0.00125495408646579 0.00191543519054401 0.00124040873005882 0.00113579032908991 0.00181585675021349 0.000681791869169468 0.000927327330056024 0.00121863293736491
0.00101318079615002 0.000804953564344787 0.00205890438361918 0.00117608974792554 0.000825776562961584 0.000392331353575686 0.00145926442680198 0.0018520564455931 0.000920773560795656 0.000999558945323161 0.000758471385389951 0.00106958736086163 0.0018661565735827 0.000625415115917007 0.00123658595310364 0.000853173170300924 0.00171983567449669 0.000898395766163799 0.000831008536908735 0.000895690036326833 0.00068716398199161 0.000971293049200714 0.00128433194826319 0.00130859655017892 0.000840986374017118 0.000488680185572541 0.000578744067219223 0.000736545528704083 0.00132395652967522 0.000935341646214421 0.000826393676724166 0.00179598906298817 0.000802126299932568 0.00142578757889339 0.000666709608219296 0.00131560919177265 0.00129376859944977 0.00151472344917352 0.00125403116434343 0.00132701157009427 0.000592834381997632 0.00142461423280723 0.000934323356008581 0.000861728828173118 0.000832925568269085 0.00135560675191964 0.00116542140335447 0.00141700395364032 0.000942065172959024 0.00101014014041452 0.00134803668074511 0.00110163883919409 0.00097149625205356 0.000806367884746458 0.00077826639663038 0.00134549764462125 0.000722336775467349 0.000674937515042067 0.0014210588214813 0.000783508260371766 0.000469755132963393 0.000752193479876055 0.00179187695510815 0.00164425241858966 0.00125056880315371 0.00118851574499545 0.000886694757211214 0.00105892110626131 0.00105261694581157 0.00096393056354737 0.000953068942382074 0.00134111933767081 0.000715273082056458 0.00102494031233964 0.00121392808515512 0.00123739245362587 0.000998628757053 0.000846614524492054 0.0011895484214798 0.00209424412735356
0.000699393803041617 0.00053056398835599 0.00136867815679806 0.00124894043761741 0.000864971891864823 0.000730431040222598 0.000505631593394405 0.000920773560795656 0.00247026446893809 0.000685236925188398 0.00127910592701724 0.000957646820908714 0.000770739702697451 0.00153689939762341 0.00153595182926347 0.00105657822035431 0.000602548413587792 0.00100624222390217 0.000813394697028233 0.00104809124187003 0.000768249586160247 0.00170901824237594 0.000774647475005306 0.00121542416857389 0.000794058030187455 0.00103958663769658 0.000873271322924767 0.000800911370877319 0.000823456258360655 0.000528985071076503 0.00107310138241258 0.000812410831818246 0.0010851968065065 0.00121785415492739 0.000883946557444844 0.000673185108273299 0.00116335250792098 0.00123642067475915 0.000592272250087572 0.000815633667377032 0.000672819497314357 0.00138398675944276 0.000752651876477159 0.000510831487018451 0.000522326714538205 0.00157426000003497 0.000928680747848797 0.000770867302539615 0.00091782617749565 0.00111293125497011 0.00136645104934236 0.00141643535123002 0.000784349363788709 0.00156013984986221 0.00102937669054479 0.000504668912775569 0.00117911347306464 0.00125694498084873 0.000897991405174925 0.00075216438385923 0.000883134544648226 0.00108520691876256 0.00100456298433858 0.000868655658810388 0.000801126956079042 0.00122032691104165 0.000863127128406182 0.00118852415142835 0.000934187514297112 0.000727793667398625 0.000855089042885899 0.000853322214698235 0.00102122984752297 0.00105186027990175 0.00110059291809194 0.000792231547836553 0.00129955958624665 0.000775055598142489 0.000842325548470825 0.00110539014273563
0.000946304226358945 0.00126991113479553 0.00144371445300393 0.000813836162269583 0.00134499951427988 0.000839589772803989 0.000609900489535945 0.000999558945323161 0.000685236925188398 0.00214296630264875 0.000883253336044936 0.00136399070104634 0.000890829356628082 0.00148199522103934 0.0014911088830481 0.00116000001547887 0.00190156259189659 0.000834895709266562 0.00144772850683004 0.000961624358717444 0.00112362308721765 0.000797832470294865 0.00113889597517319 0.0011296046902021 0.00120869487492449 0.000753940062043692 0.00157566332946782 0.00138730448989927 0.000930930710591282 0.00111546312523561 0.00129619626879741 0.00128181715851654 0.00102447196782344 0.000918384473904823 0.00073635575918651 0.00096277557915292 0.00130398780548742 0.0010528544539672 0.000467299473325744 0.001977031019173 0.000789858606973692 0.000952152908190838 0.00152657472288455 0.000446133129207794 0.0013567217634176 0.000511098637580427 0.00190511979592583 0.0010477180439028 0.000550272703531863 0.00143182437508918 0.000564749856415985 0.00117286146116087 0.00131896207792925 0.00134023429478168 0.000950999895974606 0.000890654760623568 0.000760373055342843 0.000597983603388646 0.000665493308586573 0.00118857317894883 0.00122443048400015 0.000747364463857752 0.00145378917597766 0.000709702511128785 0.000960621136800451 0.00126197555482748 0.000907110749912027 0.000912942309705117 0.000849242523966057 0.000693171727881593 0.00103399026376732 0.00103671137172079 0.00105926555262127 0.00145383460782329 0.000739218983260267 0.00168785257408253 0.00120389434978137 0.00142265008464343 0.00180066306391992 0.00116821768738413
0.000809414916967929 0.00119458519819161 0.00194687160321967 0.000886244319354192 0.00119828792152435 0.000857130506764338 0.000946154643712009 0.000758471385389951 0.00127910592701724 0.000883253336044936 0.00157787695237869 0.000473617527114348 0.000952503640199343 0.00104799457518104 0.00111722971493132 0.00120778178206004 0.000936154771154441 0.00182760454951021 0.00121608069187874 0.000857671059569028 0.000784070559270256 0.00100803900240718 0.00106838239384314 0.00112563575587576 0.000816214913641958 0.000644017664161427 0.00088638592221922 0.00142645326365904 0.00174127762000189 0.00131767896949494 0.00147111667088969 0.00126832978708432 0.00119246760283259 0.000661563590174744 0.000465251310912812 0.000455616218081727 0.00131431086391816 0.000817084098855083 0.000615229753597986 0.00297695525113046 0.001011065175171 0.000691180313172049 0.00189332273095786 0.00129551628539703 0.000935143001737476 0.00108892370913203 0.00118387258083038 0.00127970636768417 0.00122630612957192 0.000696800088381495 0.000717418019469319 0.00115992822913199 0.00128836514981776 0.00109013888379332 0.00138871084541253 0.00101236480205264 0.000543834293060639 0.000629233534299855 0.000560273852719145 0.00113485277686229 0.00154686801771884 0.00134049100374257 0.000833826656302103 0.00166161027085274 0.000832467026232118 0.00194894986358346 0.00117482840886048 0.00112863552686367 0.000765799296248253 0.0011325390143351 0.00146297949499272 0.000608403266964954 0.000897731963121286 0.000785370318198745 0.0008439201793567 0.00116232373758227 0.000843645733404698 0.0010703894084814 0.000917946078835683 0.00111976989617426
0.000961087302557856 0.000578007368071578 0.000841714264986507 0.000500565759200423 0.00157414053464995 0.000867346059743736 0.000888309754883696 0.00106958736086163 0.000957646820908714 0.00136399070104634 0.000473617527114348 0.00241298772358856 0.00103608950252968 0.000839033595767695 0.000867527770071168 0.000884233212525293 0.00122291930610334 0.00111512884464308 0.000664978393003106 0.000644189349620385 0.000668536925396978 0.000422377956036271 0.000709271062226501 0.00122896489589753 0.000877918809692874 0.00103286563464142 0.000929570781626901 0.00145249125056644 0.00099436939025039 0.00122492566646167 0.00117213606786904 0.00117006878602258 0.000836191785105529 0.00103885218865489 0.00101652911414569 0.000824886503421277 0.000778942574212212 0.000870556280611577 0.00168601870478772 0.00139548043005492 0.000800514197322552 0.000793084395120764 0.000724229072272416 0.000800197714910428 0.000683999885749406 0.00150986194876615 0.000765989320034584 0.00105704007874771 0.000683235403509053 0.00126594797311894 0.00127934681253851 0.00143687866266265 0.00195383088971453 0.000873251197341388 0.000634814424808509 0.000824175199120456 0.000723950803570961 0.00151164305857601 0.000753651382955559 0.000797832508996943 0.00159003890527177 0.000678745704029682 0.000697363123034512 0.000514893808176891 0.00117162813236583 0.000918668902854186 0.0010587826420966 0.000580406679331585 0.000656258742705904 0.00191260210728624 0.00108976353071707 0.00102871821650388 0.00144564355007058 0.00189564441018647 0.00101657087142211 0.00116252303542628 0.00112802751217716 0.000888389406415628 0.00139380711705208 0.000888498238026279
0.000866441811739099 0.000680011261513621 0.00127260734099034 0.00111084791517112 0.00177633424056509 0.000636869974606792 0.000744567048032131 0.0018661565735827 0.000770739702697451 0.000890829356628082 0.000952503640199343 0.00103608950252968 0.00198752257887811 0.00103608889100374 0.000736897766710946 0.000475349590035729 0.000736228491750407 0.00141396471879625 0.000857530487473693 0.00190277374929985 0.00106098358343991 0.000913755280708345 0.000772013305617584 0.00141602865468268 0.000925543196421821 0.0012373930044699 0.00125234018631582 0.000718577073519117 0.000766169053068189 0.000964894332643607 0.000797585483906911 0.00104027222200791 0.00115562594408808 0.000715672536079617 0.00147587158169409 0.00101766364917708 0.000863020341811612 0.00118912416950419 0.000484727367464717 0.000838780783988881 0.00089732994298294 0.000752574556679124 0.00105715591575903 0.000949875909478698 0.00105704853001238 0.00058988027389316 0.00132220414423793 0.000863841376637239 0.00104023101053974 0.00119187041474701 0.0010282855707685 0.00047002108856008 0.000929693399331969 0.000894717960993738 0.00102626891750704 0.00077987236866993 0.000825449442092336 0.00103616481494655 0.000801884937000741 0.000789198363817803 0.00129666401242978 0.000790821543636849 0.00288447993399896 0.00109671823332366 0.00117479920158977 0.00142056407557538 0.000710750986737205 0.0009804246701584 0.00159721756069414 0.000989412695204556 0.000543843127387471 0.00117158672294291 0.00110262276950114 0.00198378556748643 0.0011181025357467 0.00112288885994905 0.000940992113370221 0.00143570921777302 0.000604131282018563 0.000919527864736641
0.000738051648875498 0.00137136554183309 0.000895890669236943 0.00053196542234064 0.00121354946491306 0.000830957353265862 0.000650281723437877 0.000625415115917007 0.00153689939762341 0.00148199522103934 0.00104799457518104 0.000839033595767695 0.00103608889100374 0.0015558464177533 0.00110611457242038 0.000975084543195528 0.00153692931780655 0.00109038931653795 0.000830781319125726 0.00145079968387128 0.00106467703304443 0.000549008356381042 0.000788036281361494 0.000608022567899753 0.00108573280163767 0.00172962025322649 0.0011177723074818 0.00166690959688971 0.00091148235951646 0.00157319983682446 0.000899445097901153 0.0010712882695927 0.00143067056488962 0.0018107758772804 0.00130757686693034 0.0014076400185458 0.000907417121452019 0.00103521667659112 0.000785912832221724 0.00112291365350887 0.000647130195868235 0.00099246970867623 0.000918189654756116 0.00157885865575073 0.00113459661177447 0.00070573537273642 0.00138980502255856 0.000766106436474121 0.000907409226899289 0.00141961258431474 0.000969835962168706 0.00109589647697765 0.0013528418352228 0.00155864088980645 0.00104458154999285 0.00162976240713891 0.00162869670464481 0.000863742977160122 0.000803475106839604 0.00162844364937237 0.00122444461995613 0.000392666246463797 0.00120616271464222 0.00161431930868772 0.00118655095965691 0.00224847270043757 0.000769920840397611 0.000763708251997719 0.00107432591792567 0.000744480416622149 0.000875415722411043 0.00166976061914495 0.000710129266869243 0.000884154552572026 0.00138604035684358 0.000688912105667489 0.00184115801281042 0.00113837124139497 0.00171902113847616 0.00118940620750096
0.000550598429896088 0.000980488765729478 0.000611727545378737 0.000746518898852213 0.000736858451789958 0.000801139441396504 0.000837416451624138 0.00123658595310364 0.00153595182926347 0.0014911088830481 0.00111722971493132 0.000867527770071168 0.000736897766710946 0.00110611457242038 0.0025833411867106 0.00132497752849471 0.000720568696726628 0.000915854500777167 0.00106058474635705 0.000847511654762967 0.00147698667757385 0.00115830562240717 0.00126204653862693 0.00121172654727118 0.0010766054260765 0.000612423952073322 0.00106390165475986 0.000839879405722136 0.000707715952774899 0.00092324583002113 0.0013978943703644 0.00149367435478831 0.000972774890003491 0.00105288054510562 0.000481562684273148 0.00152029035529465 0.00083437669557156 0.000574080278353627 0.000981009849575125 0.00111874881434684 0.00126023974301889 0.00110440175555172 0.00107876011051186 0.000935278650533646 0.000902917631746182 0.00126579383022726 0.00130450814788522 0.00153282600993035 0.00135054901946047 0.000533452557874503 0.000531943307382686 0.000654328593084128 0.00103115359381214 0.00173995300350258 0.00101919834991782 0.000691955203718054 0.000922689955703771 0.000583845993414971 0.00140106268339467 0.00104932645836809 0.0011762602257649 0.000945585642286971 0.000641070068332328 0.00112166266809819 0.000480007742104763 0.000689867587944028 0.00131007583624901 0.000772295917050494 0.000990813195173813 0.00104762566051309 0.00098074784748676 0.000722088300328431 0.000719050797126271 0.000829200376108311 0.00091763915286813 0.00107962227522678 0.00133423417379854 0.00104346124648921 0.00139005331579128 0.000993215355233734
0.00115118447987968 0.000956291476720419 0.000640459914989056 0.00117448676694557 0.000967867529027379 0.00077616828941104 0.000829446721754291 0.000853173170300924 0.00105657822035431 0.00116000001547887 0.00120778178206004 0.000884233212525293 0.000475349590035729 0.000975084543195528 0.00132497752849471 0.00315060520856256 0.000972355941913726 0.00128276936134196 0.000874137777373468 0.000489267460154672 0.00155352180693865 0.000700005477041064 0.000959856407927113 0.000591925857833698 0.00185078994964759 0.000945638403814593 0.000963562964806685 0.000805377273251527 0.00069268279325662 0.00137439920547628 0.0015142138422432 0.00108551707932103 0.000819898762571048 0.000517997295750416 0.00101618800855234 0.000818865383669317 0.00079101504456168 0.000771108110041585 0.000649621664710776 0.00120058590246461 0.00119894099030161 0.00161305903630619 0.000911166297842458 0.00112263530727506 0.000864346120805544 0.000813918836778374 0.0007956677224923 0.000729069136436129 0.000853234287845964 0.00115513755429597 0.000630804359988131 0.00106787093870621 0.000891845064409851 0.00133196835124131 0.00128801724840064 0.000679710854074149 0.00121548902433845 0.00101409632941954 0.00124341652090398 0.000561724606766134 0.000912398086616077 0.00120726061351882 0.00108260587662293 0.000945067761272177 0.001936792307742 0.00142031338034606 0.00156292954984272 0.00089444330822199 0.00127943086655597 0.000779101432904112 0.000884607883131729 0.000879004815104596 0.00095199988919159 0.00156557757246579 0.000924973350779377 0.000890884371561878 0.000791754465793906 0.00119477630854236 0.00063161377009447 0.00114157544324419
0.000770194689025154 0.000957790070870669 0.00108321282872965 0.00112267862725812 0.00172662737046128 0.000534676687636233 0.00106213355635763 0.00171983567449669 0.000602548413587792 0.00190156259189659 0.000936154771154441 0.00122291930610334 0.000736228491750407 0.00153692931780655 0.000720568696726628 0.000972355941913726 0.00127498910175155 0.00105863719284612 0.0018549365053652 0.00114789867497244 0.00166251340737784 0.00107078180040997 0.00150569541491348 0.00146543357547619 0.00139568013278154 0.00122468799370858 0.00144845748872235 0.00138534362244628 0.00109759807638094 0.00173531814164252 0.00105508647233929 0.00064313492612494 0.000989809505916783 0.000965285358318655 0.00101779161682427 0.000685037198517728 0.00126570351207836 0.00169614669775904 0.000884465528345117 0.00134858847313466 0.000884011637364286 0.00117029128021208 0.00113339643144548 0.00153012015207038 0.000416135498689547 0.00092227555512218 0.00100446504090216 0.0012542157233314 0.000650454228164496 0.000921308826446829 0.000676143153871461 0.0016013334794992 0.00117212438236896 0.00107714399470436 0.00123655909541967 0.00204924190239753 0.00121375223681395 0.00109920043782738 0.00051523748737329 0.00167217952222124 0.000838149844616241 0.000987467163952473 0.00116230831643325 0.00125290644750918 0.000902702279796782 0.00101319694567456 0.000582880827474423 0.000921303072041815 0.00100638890142898 0.000995070671055616 0.00101028908565999 0.00105077225909829 0.000650591259188221 0.000908805770784522 0.00049644612505731 0.00126629048330327 0.00045866058356322 0.000687476164613961 0.0015221667718741 0.000905730611523184
0.00104823594254004 0.000755589183679286 0.00113932669800008 0.00142158805873998 0.000810064328259843 0.00161448014229634 0.0006810499019121 0.000898395766163799 0.00100624222390217 0.000834895709266562 0.00182760454951021 0.00111512884464308 0.00141396471879625 0.00109038931653795 0.000915854500777167 0.00128276936134196 0.00105863719284612 0.00177607729025819 0.000848685626278434 0.000749275227491097 0.00110998903733524 0.0012514570220539 0.00108692690880135 0.00147828032919593 0.000972851189552418 0.0007251641723727 0.000829248127043141 0.00149055854358717 0.00131705507623948 0.000876968782692053 0.00116718338859713 0.00116234077455152 0.00158556126701447 0.00101239235215788 0.00104336903868956 0.00109447170158971 0.00125741181392661 0.000384524990947434 0.00117015728808229 0.00105904624445759 0.000637769118723283 0.00115306402914873 0.00100777781021318 0.00100524349258997 0.00090122364159315 0.00154701281547717 0.00112634600866412 0.00091088345463526 0.00093927280333605 0.000761048010375731 0.000588840779686783 0.00163461542110248 0.000834751725716681 0.000689253547267745 0.00184410123925858 0.000802510383410968 0.00101072966051959 0.00166542574771987 0.000779537261169676 0.000934135506404771 0.000460220075223537 0.000919966186754581 0.000751335655069867 0.000901439072547851 0.000780380729579722 0.000936151221078722 0.000843865354665253 0.000709535722069434 0.00097693502774379 0.000905106707726569 0.00141287907607021 0.00109378094948624 0.000568448729718013 0.00107305794382402 0.000797735047909455 0.00125325661101429 0.00116256637311347 0.00114084191254771 0.00153061081930234 0.00104707024292912
0.000944654668036106 0.00110039414336112 0.000446716401153725 0.00142440338823762 0.00111037151820602 0.00080824921495434 0.000630654327482171 0.000831008536908735 0.000813394697028233 0.00144772850683004 0.00121608069187874 0.000664978393003106 0.000857530487473693 0.000830781319125726 0.00106058474635705 0.000874137777373468 0.0018549365053652 0.000848685626278434 0.00151644687646796 0.0013611656998479 0.00103900785907994 0.000962950866368026 0.00200403145872858 0.0010407486617358 0.00146189775654665 0.00119370880202159 0.00129678513546963 0.00134628266746524 0.00213151891289486 0.000885442690511019 0.000868740609470952 0.00123791445750525 0.00123636089132887 0.000764246008784062 0.000536511210855928 0.00062449550177611 0.00116231546605941 0.00133264351282279 0.000800565297861869 0.000788887720510583 0.00152929021002861 0.000809872029647166 0.00126446437971042 0.000994237580002666 0.000899896067145998 0.00111526039122953 0.00243323317264189 0.000670291116669001 0.000848057346337528 0.000736549773119253 0.00150152089698255 0.000730260444077534 0.00108565722928139 0.000492273543647554 0.00152465897073734 0.000743680936609893 0.00107812630008634 0.00113799914619117 0.00177469637706281 0.00186933669162552 0.000984046773070998 0.00102320423014863 0.000743807692684406 0.00113562827760835 0.000887985544294789 0.00126319410815767 0.000735671273725044 0.000629627264091609 0.00121661868397487 0.00060621075677137 0.0011501965006685 0.000568455120777421 0.0013513378322668 0.000510384163834751 0.00126535782417625 0.000689612952131555 0.00165026445037293 0.00125330940924079 0.000697349797935759 0.00165761522239421
0.00144110149092723 0.00081749518167804 0.000588751572687097 0.000818036392829092 0.00122756522298836 0.00064733690415307 0.000910048926492024 0.000895690036326833 0.00104809124187003 0.000961624358717444 0.000857671059569028 0.000644189349620385 0.00190277374929985 0.00145079968387128 0.000847511654762967 0.000489267460154672 0.00114789867497244 0.000749275227491097 0.0013611656998479 0.00179338800414333 0.000823672462340371 0.00160200020788017 0.0011085571420925 0.000629825392757841 0.00105467986205429 0.00111481510213523 0.00131537592949709 0.000904803131751298 0.000566603077745289 0.00131589822695491 0.00131959124467669 0.00129485647765875 0.00140625787505008 0.000884844203711795 0.000949848824040429 0.00147164515993541 0.00053999697733888 0.00118948857750212 0.000742237990484041 0.00128125943063167 0.000577460938792217 0.00094040337861038 0.000682645222245902 0.00147207263559033 0.00128581591096308 0.000852825427435789 0.000975009587028837 0.00141697415851237 0.000863633940888867 0.00107042181061304 0.00137693048165325 0.000635656845873868 0.00124575018704026 0.00103314008659312 0.00172671308066735 0.0013800781965033 0.000873372544323325 0.000827367350781234 0.00146570545737274 0.00111110550313947 0.000887949636246713 0.00078731582055936 0.00115246319546281 0.000818910945799894 0.00113171467018439 0.000578173927414395 0.00104977757909664 0.000987233511431978 0.000875623170853216 0.00113748832420243 0.0014672394854866 0.00115533825753307 0.000577183528019683 0.000879383030526229 0.00092828506219725 0.000751387134790347 0.00157390980611981 0.00117549570896673 0.000706034011882644 0.00116154926471715
0.00120856868228191 0.000794684106474745 0.000883350871632802 0.000754610550053037 0.000820576283095991 0.00090052022979653 0.00118781019141599 0.00068716398199161 0.000768249586160247 0.00112362308721765 0.000784070559270256 0.000668536925396978 0.00106098358343991 0.00106467703304443 0.00147698667757385 0.00155352180693865 0.00166251340737784 0.00110998903733524 0.00103900785907994 0.000823672462340371 0.00234481068091783 0.00140832473741356 0.00072859254896844 0.000553653317953434 0.00130388603005082 0.00128531752716618 0.000679226259516852 0.00143705372238255 0.00074928759256513 0.000972780879341315 0.000715112610546597 0.000940341678143022 0.000891191952392399 0.00139014974007738 0.00152556722179038 0.000746317189614024 0.00108549590729282 0.0012883343464857 0.000855046735308193 0.0013162031093749 0.000585190436652411 0.000910159877570796 0.000933179385479267 0.000808239563439031 0.00123262823919823 0.00114696236271458 0.000679170531952266 0.00202765760068188 0.00103494087593447 0.00114732970789361 0.00080642070676029 0.00113071821397919 0.00164114956007297 0.00163193305660109 0.00110924489700382 0.00102108053869609 0.000719683091039225 0.0010061535655591 0.00140752464448573 0.000904551406512681 0.000851933667410365 0.000703745535492412 0.0011188027259892 0.00112842667466354 0.000994802920221023 0.000675002199964602 0.000869971423175817 0.000578885752082053 0.00114406560460296 0.000831207299831695 0.000587553942024479 0.00133038992394299 0.00167654181621043 0.000539930554735766 0.00109340936069271 0.000567085658222962 0.00111471212410164 0.000546286534894963 0.000783575965082048 0.00111326210144673
0.000741259739989999 0.00126288223574256 0.00104971282377072 0.000750173969730522 0.000785206435276599 0.000880556591453536 0.000822393284336797 0.000971293049200714 0.00170901824237594 0.000797832470294865 0.00100803900240718 0.000422377956036271 0.000913755280708345 0.000549008356381042 0.00115830562240717 0.000700005477041064 0.00107078180040997 0.0012514570220539 0.000962950866368026 0.00160200020788017 0.00140832473741356 0.00126659162456265 0.000847139690488989 0.00121625831486622 0.000997251336848651 0.000818525054868097 0.000737556271649855 0.000887401505688037 0.00134623940113622 0.00175923949328023 0.000535240691631089 0.0014893156387888 0.000805706392865205 0.000787693829197612 0.00113423344998103 0.00156038270019957 0.000755655052782664 0.000737413917718948 0.0010797874714623 0.000451696830267386 0.00122620112185965 0.000593545670633918 0.000973077941792156 0.00106209350109227 0.000933639350630883 0.000624474181157541 0.000498863637785003 0.000974062824387428 0.00104898178098619 0.000717677008962606 0.00134126338350446 0.000979603575917006 0.000928379495910505 0.00053958335284884 0.000795811686597284 0.00141800358064813 0.000787988212917704 0.00121963664047429 0.00125072779889268 0.000758617940543377 0.00102673812541309 0.00105904953648661 0.00075437910617785 0.000752764910819136 0.001414838179796 0.000848412945531506 0.000876178712411801 0.00112444422552487 0.000787642098675875 0.00096074512708615 0.00152185031442392 0.000760573361853433 0.00114935931017163 0.00105619185083698 0.000767396579440154 0.000511565578032876 0.000599819573475861 0.0010034646435974 0.00115744424584875 0.000579599912497171
0.00103851231664878 0.000676314691444186 0.0015019750696566 0.000510076151271887 0.0015467759826942 0.000744482005707135 0.00125264470179525 0.00128433194826319 0.000774647475005306 0.00113889597517319 0.00106838239384314 0.000709271062226501 0.000772013305617584 0.000788036281361494 0.00126204653862693 0.000959856407927113 0.00150569541491348 0.00108692690880135 0.00200403145872858 0.0011085571420925 0.00072859254896844 0.000847139690488989 0.0035802614301449 0.00119073195844875 0.000631656788239206 0.00110739823403018 0.000894690920152682 0.000900617099305005 0.00113629681889978 0.000868105762901479 0.000646498345551715 0.000700537986582043 0.00134270411507201 0.000612806212987996 0.000893525808753998 0.000894918479000671 0.000994483265792255 0.000939424305280868 0.000925478615186333 0.00170163510876994 0.000678424296962008 0.00058980949542458 0.000917678835848838 0.000588728956143032 0.00120690219129817 0.000825196486808642 0.00114939240093592 0.000901708178110819 0.000966323059339779 0.000738623530281566 0.00143399204948044 0.00103779207898584 0.00113934337950088 0.000572276844300209 0.00120259371212663 0.00100941576137568 0.000863354664801992 0.00126611146542067 0.00172323151210971 0.00109823366094982 0.000934968707033703 0.00115903851004566 0.000756529573804609 0.00133493105761079 0.000899947463082639 0.000589786856902819 0.00069057699443381 0.000949713686516225 0.000980757053716874 0.000803209682722995 0.00155185407033939 0.000828147187865484 0.000951714664548787 0.00148972448468089 0.00182742559071569 0.000895558488512791 0.000654550730826593 0.00129374160661817 0.00117175991050528 0.0012695597939773
0.000814307895063632 0.00079180395338122 0.000922653687028519 0.000851419993802845 0.00143314002046658 0.000718306109165601 0.000684560748006839 0.00130859655017892 0.00121542416857389 0.0011296046902021 0.00112563575587576 0.00122896489589753 0.00141602865468268 0.000608022567899753 0.00121172654727118 0.000591925857833698 0.00146543357547619 0.00147828032919593 0.0010407486617358 0.000629825392757841 0.000553653317953434 0.00121625831486622 0.00119073195844875 0.00164021079881219 0.0012392739034934 0.000902988552046182 0.000642210021922745 0.000725286468279911 0.00103827685088731 0.00115266910838101 0.000818448397850155 0.00126958938210236 0.000855185163822286 0.00113793796570613 0.000993663016921947 0.000947455307286997 0.000834326126224057 0.000984183760791114 0.000824607504083713 0.000785453592768809 0.00104042004248329 0.00125843944321935 0.00116675301376156 0.00129805255277133 0.00100977360703493 0.00103316325090018 0.000780972510528898 0.00093265192608431 0.000964126760845491 0.00159465225135875 0.0012961311095017 0.00146622536632472 0.00102600934306124 0.000861973804267636 0.00101442234683114 0.00209354044276172 0.000920541854489037 0.00120458965952624 0.00117687573129796 0.00120788271629075 0.00227355993479984 0.000959759880888087 0.00104480224777774 0.000772449858387097 0.000805373691645454 0.000888595906477415 0.00087148827041482 0.000902918176854273 0.000696247082212204 0.000600338813421897 0.0010994573443527 0.000734820739105079 0.000726917667552535 0.000630811908960908 0.000952577277388338 0.00120678779126167 0.00102298752457905 0.0014018146601941 0.000978748509226418 0.000884930023903506
