0.00244644536282529 0.000787447212135393 0.0011232319693216 0.00164235558625073 0.000920718540325431 0.00184210583385394 0.00105638817509861 0.000771568580934382 0.00119945732685644 0.000840567845380653 0.000964379406591074 0.00114469821664521 0.00128361215004033 0.000758603817358658 0.0015858785748558 0.000926445668689126 0.00107626403889362 0.000919866133747942 0.00138334493878646 0.000786359238558529 0.000894496958402122 0.000581677062062201 0.0006390645735869 0.000538295511091502 0.00172259899906614 0.000811101435677362 0.00080869029073149 0.000871484262492839 0.00130425612492244 0.00114062486788248 0.000704823717054998 0.00150796728571723 0.00123320658924444 0.00128054348282513 0.000969605608886652 0.00117397672248025 0.000827890985619375 0.000969454694984156 0.00097794329873866 0.00178406965679275 0.00123202062325009 0.00136633546611966 0.000886263652871309 0.00130564538466982 0.000839645948477668 0.00125978041753771 0.000891056151695983 0.000892982780138423 0.000535027987440448 0.000942967755905289 0.00101715984416406 0.000722735310885041 0.000886273382195915 0.000935052652890217 0.00143005240056262 0.00124456913417626 0.000871409443882273 0.000597285071259704 0.00126332507437437 0.00107961138697039 0.00138993755042661 0.000908639683862946 0.000997641306877722 0.00105056724312543 0.000936740375948527 0.00141023644901245 0.00063197177839305 0.000637251380794882 0.00103471493819948 0.00139123065720974 0.000543661612507695 0.000583063128413178 0.000905221164791449 0.000812512755424916 0.000516480862325738 0.000895115287402261 0.000747675016457481 0.000773194689472809 0.00101785558899317 0.000791886713765736
0.000787447212135393 0.00267483709022534 0.000876089697528364 0.00118954756940763 0.00100145969794314 0.00113996231735619 0.000891156847131202 0.000610544256710778 0.00131916730776699 0.000492390130691563 0.00173247880468594 0.00186314027741246 0.00102048717351586 0.00110905972155492 0.000786995913387844 0.000964157098183998 0.000973414552363885 0.000605103346315268 0.00137572329234215 0.00122616678161917 0.00117417177775207 0.000971306053938761 0.000757252692917912 0.002608373397348 0.00176732119102137 0.000940171874464125 0.00156296810877351 0.000659248773944192 0.000563340528780017 0.00102017710895694 0.00094614114512733 0.000890765488463077 0.000851934658786564 0.00116802034224693 0.00158838902370218 0.000800895540902032 0.000683203512606346 0.000683807765367346 0.00106641823247183 0.000597664178455994 0.000602579301246069 0.000844007869922455 0.000891174893623175 0.000690773458453771 0.000669609121855713 0.000697049984242503 0.00115095865946008 0.00158569769923895 0.000826187896698424 0.000863288133576815 0.00104861292935536 0.00122775121964697 0.00122122941856753 0.000837159719400943 0.00143439454942165 0.00148197537369788 0.00128729663893808 0.00150091484739785 0.000884864083164327 0.00133158834518242 0.00098570549448664 0.000983942703626792 0.000666655468186705 0.00188586505383822 0.000907822002354522 0.00100997341166576 0.0011681802417317 0.00109871031784471 0.00148036655340319 0.00067698596942744 0.00137556731594382 0.000775945663159732 0.00135860699090029 0.000875662266286244 0.000552973092417149 0.000862131135546885 0.000689839564177968 0.000807214341736108 0.000976358149733974 0.000942760001418834
0.0011232319693216 0.000876089697528364 0.00375169659574622 0.0013149026099079 0.00116293740507175 0.00129038549494195 0.000540438702169792 0.000912569098173217 0.00100910035211432 0.00154271517980511 0.000574519702426285 0.00156798348624837 0.00138006032956811 0.000788820851124524 0.00103532635361222 0.00118052657456901 0.000650757367075755 0.00113621182984798 0.000550338193839189 0.000942332125889006 0.000910430397303176 0.0005956231724796 0.00113784799641228 0.000889947800689922 0.0015723304415258 0.00140647528505711 0.00120957108307891 0.000712567630677393 0.000588712478785541 0.00134152323137519 0.00105894993914522 0.00123366990230153 0.000854753756864512 0.000901110464246664 0.000769475470819279 0.000992281706112454 0.000536070977346312 0.00133911978041303 0.000670608755965174 0.000635389864845306 0.000844604344795758 0.00072912507315991 0.000857613621484544 0.00100995011528819 0.00101786047069979 0.000733086431914123 0.000727263810475191 0.00104343819705634 0.00143758790969802 0.00100855752267689 0.000827899374401791 0.000844038778911931 0.00110914708427762 0.00097763565884616 0.00115403930107219 0.000981288242500862 0.00118791392309018 0.00104412243884272 0.000984056139785521 0.00119954159556291 0.00135479160595181 0.000655123421765106 0.00114534205852326 0.00120354122812451 0.000860246718598315 0.00136727515266262 0.00110563878661085 0.0009839568928049 0.00134275676712699 0.00114387667022868 0.000817816890824268 0.000618845547476873 0.00102271786447265 0.000961609503027858 0.00112174642055889 0.00112586977292715 0.00116057263313494 0.00116526008710697 0.000910938373803672 0.000834683993066167
0.00164235558625073 0.00118954756940763 0.0013149026099079 0.00138912170510963 0.00063712392894051 0.00186024426203326 0.00171864851323522 0.00124121685399244 0.000971650538800755 0.00140366983549406 0.000749951863235829 0.00110910262836265 0.00176499173563064 0.000895713980677297 0.000884985414787491 0.00104819235899447 0.000985853733845632 0.000809892217375061 0.000427717053495805 0.00127782967156331 0.00175800628418791 0.00166296270740194 0.00148649898542708 0.000783746426855684 0.00129863233200521 0.00186190932980752 0.00171772804671075 0.000655864738948879 0.000676576878614977 0.00100467422347434 0.00106510266245052 0.000875175005790517 0.000942356636498021 0.00104043387785226 0.00129959548803421 0.000665237111740203 0.00136009417632408 0.000527057892814254 0.000747201675609064 0.00062554060189588 0.00109353756873831 0.00077199518053851 0.000767474686420332 0.00140629811017399 0.000871738532321741 0.000960367384055196 0.00115566026810306 0.000901187305479622 0.00079181459228385 0.00142010648761576 0.000853310888582869 0.00104021921717119 0.000763714042812009 0.000788971678319539 0.00172881554288231 0.00104261115361482 0.000711494895582236 0.000666941437678359 0.000864211866169215 0.000608416686882156 0.000765962657731949 0.000667583966193459 0.000872049665290168 0.000887383390842392 0.00155240277540508 0.000630923711823622 0.00205764186409563 0.00124657036058432 0.000676316761210604 0.00114757964898953 0.00110464568218637 0.00114592740012477 0.000512779917563177 0.00100110564427292 0.00075288761647767 0.00061563379373972 0.000800516369157193 0.000577430234378543 0.000982572019929083 0.00077573558344732
0.000920718540325431 0.00100145969794314 0.00116293740507175 0.00063712392894051 0.00127621029758668 0.00123647295080411 0.00149881502809771 0.00117213694503099 0.00137018123456132 0.000838040352873485 0.00115215904379528 0.000751925163798178 0.000792934440608809 0.00103010999906662 0.00110131217713117 0.00151166249391046 0.000774046410527966 0.000948689600712456 0.00156005771382753 0.000942760251123374 0.000797110575227426 0.00128691670928747 0.001022073421785 0.000630186143648885 0.00172105735378131 0.000684196815171141 0.00143105021161954 0.000570595620844225 0.000871653968958719 0.000632865456523157 0.00124040685622741 0.000798309155314071 0.000460704452713022 0.00129541358922087 0.00169632142015553 0.00142956334867413 0.000641920395761888 0.00121045696532734 0.0013926610133001 0.000697114285675775 0.00107429998588651 0.00131710565377711 0.00179351981249868 0.00101317139382056 0.000489968915194596 0.00122981355841602 0.00118303683020584 0.000842778576027268 0.0010638044415031 0.00141041359799485 0.00129862316815103 0.00121551158444244 0.00129091514350132 0.00110258462975799 0.000787957019625979 0.000725888985711817 0.00213967047159327 0.000944074320194641 0.000740062639302554 0.000649248968636905 0.000960553934169985 0.00117684582189013 0.00123720409825872 0.00148928055848747 0.000946766864307063 0.000925333476628348 0.00137861983771352 0.00117103368730108 0.00149491214470313 0.00100691716247167 0.000829960835057844 0.0013029338774851 0.00152858674345763 0.00115541407266865 0.000602263874891572 0.000942450764727071 0.000729164321874211 0.00132923347835789 0.00111222548131637 0.000921900183465855
0.00184210583385394 0.00113996231735619 0.00129038549494195 0.00186024426203326 0.00123647295080411 0.00197161145261061 0.000923216778760924 0.000912932414352463 0.00113859830707877 0.000793681746628228 0.000625268705424233 0.00198233778033106 0.00139705233184363 0.000494976935894549 0.00146883294263429 0.000907570475025154 0.000537133687874703 0.00146954535923083 0.000829936604745738 0.00134978750825707 0.000760924920518245 0.000753905782870345 0.00113606402364204 0.00152966741889931 0.000751380316832296 0.00138908566957233 0.000842804223383993 0.000906555634970152 0.00111081231770826 0.000866293955235498 0.00205507467605904 0.00190652048436252 0.000994045017974023 0.000678447023499887 0.000856897581164298 0.000948971382896949 0.00134151365610133 0.00105994682466776 0.000833377296697157 0.00152180919221696 0.00081559154693746 0.00150330665825072 0.000472683135650106 0.00127718480491257 0.00125205856088388 0.000934408067403604 0.000991608302185089 0.00125948212829794 0.00214881544088512 0.00158234402896249 0.00145004207719761 0.00109559484481301 0.00144282361027519 0.000629799443202451 0.00107112409439435 0.00145247051268777 0.000795667769946338 0.00094724188383543 0.00108004901236002 0.00113089299578676 0.00116650308502298 0.00113951565096021 0.00111668880628031 0.00115657002251065 0.00105220082930047 0.00123914198687718 0.000978341578799488 0.00094175289091178 0.000775129744954177 0.00091267591062188 0.00111322188970943 0.00124049839482463 0.00121560650986145 0.0012514278214854 0.000781241391769675 0.0010846656684904 0.000874481360524653 0.00163179479145614 0.00181990026028527 0.000882655413566888
0.00105638817509861 0.000891156847131202 0.000540438702169792 0.00171864851323522 0.00149881502809771 0.000923216778760924 0.00239825417285362 0.00106949899740908 0.00087729765486994 0.000946763861536974 0.00128413526309701 0.00297517032076433 0.00145779333713061 0.000708483317920071 0.00135902036911253 0.00117615393837136 0.0011498066171456 0.000881583570711598 0.000991308588820386 0.00137302826843317 0.000801560806722583 0.00100625712427353 0.00153232613762939 0.00146951170966772 0.000755849245831265 0.000853407418410404 0.00115001903020141 0.000755296230419798 0.00092241443007038 0.00140877437342915 0.000800438857361639 0.00165466939554708 0.00128527836092982 0.000654181534309534 0.000874301368756083 0.00128040481131002 0.00107011805233746 0.00139376336813109 0.000881005487971999 0.000902826756089931 0.000373752049829926 0.000699379565519527 0.000811635940756487 0.000774066220714835 0.00110516086078223 0.000919307291976595 0.000781282430811299 0.000746951757368429 0.000930206395255036 0.000526941990128766 0.000656815767441686 0.000657564820461802 0.00175220356448125 0.000830398137135932 0.000676996894168869 0.00136400685891516 0.00128035276118963 0.000656234689474219 0.000841382401720095 0.000962089432454459 0.000897587142521167 0.00122621923903736 0.00167725221043996 0.00071933861650856 0.000796672337999838 0.000764210297256356 0.00150872418625388 0.00183268362717366 0.000483814486118903 0.000663162412763407 0.000873353612786937 0.00104246666396559 0.000506921092454284 0.000743610266584264 0.00085046252675674 0.00122484345171345 0.000723418312577719 0.000824424343522734 0.000769896742377812 0.000936041337280496
0.000771568580934382 0.000610544256710778 0.000912569098173217 0.00124121685399244 0.00117213694503099 0.000912932414352463 0.00106949899740908 0.00368904307764703 0.000890156017415804 0.00195448108638326 0.00159402348073263 0.00138677803968783 0.000968707767723818 0.00073283592475011 0.000978978616101998 0.00124642531274893 0.000838825457180491 0.0011674029188968 0.00076730630295609 0.000946058954658709 0.00108323139219881 0.000986976027639212 0.000450755738851434 0.000950309938818827 0.000700229237401578 0.00121729244798728 0.000799193698908103 0.000980297870683204 0.00170776010524011 0.0011640261282637 0.00166506672563695 0.000584371975016833 0.00111654955166595 0.00110091783868169 0.000872794176663863 0.00114183347577799 0.00118640135811134 0.000707642985162175 0.000778014686203059 0.000821103458130542 0.000683706262304668 0.000812953870884638 0.00160675557047015 0.000561660352805444 0.000525514128412152 0.000816606873071432 0.00160929374436538 0.00135721854659207 0.000823450171842228 0.00154958777096139 0.00101426304253814 0.00157723359780852 0.00104239996894661 0.000887965819022462 0.00108347713891432 0.00104711640861001 0.00119347297283923 0.00190573704567773 0.000709265399223537 0.000833257637045779 0.00141573954682323 0.000610842956581499 0.00207099944369406 0.000490438943851924 0.00153038931911168 0.00147081369969271 0.000551072675567409 0.000770362916199799 0.000887358409746078 0.0014587427732178 0.00128762702718764 0.00105944328845318 0.00105882856428343 0.00186032254832475 0.000811142472987881 0.00156429772065535 0.0010901495353616 0.000729607231760533 0.000780294736221078 0.00120216987337749
0.00119945732685644 0.00131916730776699 0.00100910035211432 0.000971650538800755 0.00137018123456132 0.00113859830707877 0.00087729765486994 0.000890156017415804 0.00232818807137029 0.000970017155420179 0.000972066799829329 0.000955177629379001 0.00109062076880242 0.000922078843666176 0.00121274601587452 0.00192220007600684 0.00110941612401316 0.000989589594889228 0.00120338851119981 0.00110297852626029 0.000696684098533591 0.000679761817550114 0.00141203763807376 0.000653733703439465 0.00124534891123653 0.00111384157495701 0.00123553566047916 0.000968653898018309 0.000663558698479931 0.00122006370728371 0.000552498454456821 0.000905701040660359 0.000902057296218334 0.000950712437711002 0.0010260271652133 0.00112368284364571 0.00135378089698558 0.000693621806763218 0.000789590332338355 0.000682883796120749 0.00114746732234194 0.00115860252499799 0.00109287823204028 0.00109866854832864 0.000924786102329326 0.000524190096318098 0.00110410562178988 0.00126632124353182 0.000934519424899646 0.000751447358925776 0.000948886512879382 0.00113019182556713 0.000926819267701744 0.00103460169555045 0.000748649087325274 0.00131162035884582 0.000321186527600261 0.000747751337241635 0.000844906693197216 0.000867227239283681 0.000969126800403831 0.00151662427383772 0.000900974041136764 0.000957057011096206 0.00131425331882165 0.00176075511462328 0.00125982872168904 0.00162009108133709 0.00112260155539807 0.000795352790167602 0.000723681671670906 0.000609124566827373 0.00094519776817887 0.00137675984639279 0.00091781486767721 0.00155515666915566 0.00102519225975256 0.000744148156053747 0.00123428779621924 0.000757323769996821
0.000840567845380653 0.000492390130691563 0.00154271517980511 0.00140366983549406 0.000838040352873485 0.000793681746628228 0.000946763861536974 0.00195448108638326 0.000970017155420179 0.0017447740110723 0.000875672111293604 0.00157652472594186 0.000564667425455198 0.00129404781082603 0.000662504488696559 0.00168700012009241 0.000910457941655356 0.00147018436815065 0.00105325635937467 0.00106389249662241 0.000995283342786858 0.000584885501082575 0.00104024661235625 0.00166596242861269 0.000491632671808716 0.000935507716000476 0.000897796923150761 0.00127521717137561 0.000948310801295101 0.00177280908648668 0.000891373460605194 0.00109217234832025 0.000650343954371907 0.00109315504679083 0.00123738134473946 0.000788329263634663 0.00268818685653937 0.0010551902405702 0.00153494313267283 0.000815124506509552 0.0013143123962357 0.00102121661479159 0.00132830042333613 0.000727863363420106 0.000605448413589358 0.000903195081881321 0.00105389983400263 0.00125114774321748 0.00135625208384351 0.00111198093029293 0.000910831436558669 0.0014086691865343 0.00090438819527127 0.000721651213095197 0.0009995148776916 0.0007781515547993 0.00107612840551858 0.0005281471779746 0.000785499099033314 0.00108785785342702 0.00149440957655061 0.000834205524597347 0.00081430476508777 0.00103801066213995 0.000487083925810467 0.00146068684512187 0.000839427425857509 0.000719020933573903 0.00076435302699593 0.00104073806171338 0.00146876154711152 0.00111292956916228 0.000995258812756913 0.000581803820745632 0.000801356478224706 0.000979255240767964 0.00151415391385207 0.00104903721900945 0.000736710429612911 0.00147511253765768
0.000964379406591074 0.00173247880468594 0.000574519702426285 0.000749951863235829 0.00115215904379528 0.000625268705424233 0.00128413526309701 0.00159402348073263 0.000972066799829329 0.000875672111293604 0.00182160206662505 0.000859179283736439 0.00143651317748567 0.000540461424969364 0.000666118077345504 0.000956950850958527 0.000725505168631625 0.000905946591184273 0.000816977426712038 0.000741798779175095 0.00142031411858066 0.000859768336350765 0.000922705682160834 0.00117430926543565 0.000799819798910166 0.000745938065727613 0.00060985137322381 0.00120856960874281 0.000749646523830792 0.0012042815748677 0.00104343851551362 0.00108920597602323 0.00140931171292575 0.000978164492253739 0.000985121838828617 0.000614110898137409 0.000778976772057502 0.00107081984104266 0.00167545526124724 0.000737892200930164 0.000653126594170371 0.000740663922511918 0.000942647832251149 0.00120219475264285 0.000736831473557068 0.00183801890987249 0.000979622885025836 0.000919423240631678 0.00121848249137122 0.000804291304940235 0.00119374680144155 0.00127168724682981 0.000986234823970965 0.000646051839758599 0.000866218537531474 0.00125684506665216 0.000364043123317795 0.000947316879625724 0.00172457183702762 0.000637064800381135 0.00151266317280022 0.00112285191973801 0.00127074360776231 0.000916083438370891 0.000671122914730976 0.00124327973732264 0.000772132357870012 0.00102481510321057 0.000986447649168712 0.00158362706715641 0.000722940713592645 0.000661887304548801 0.000735819493383894 0.00114560235659398 0.00100607743765739 0.00112652874991431 0.000955240481963712 0.00111350468996149 0.000989698197692622 0.0014356858419983
0.00114469821664521 0.00186314027741246 0.00156798348624837 0.00110910262836265 0.000751925163798178 0.00198233778033106 0.00297517032076433 0.00138677803968783 0.000955177629379001 0.00157652472594186 0.000859179283736439 0.00152641411923608 0.0015938258126044 0.000608520330565876 0.00116204777485165 0.00118208435503619 0.00166540073630021 0.000875215459204162 0.000906959731506969 0.000853314787128496 0.00105843272385657 0.000935413568013674 0.00119318698494508 0.000730605036852917 0.000889114363767427 0.00133852276111824 0.000917763582323474 0.00085097845357528 0.00108558696407501 0.000639852220913247 0.00116934562228328 0.000939553503212163 0.00107012075119426 0.000830137956441634 0.00141540603475532 0.000818388191537295 0.00119869298083339 0.000839493957489577 0.00103092870707189 0.00113770254070962 0.00144763919660327 0.000884223450642276 0.00102774613205026 0.00122039062267291 0.00113536546130502 0.000479059311839066 0.00111414347199284 0.00131152334791796 0.00103342723334274 0.00132313788246579 0.000715136380317217 0.00128318745994995 0.000855548912938259 0.000905840702314971 0.00136974119641135 0.00113034421167391 0.00117654293159293 0.000819371333903599 0.00134266083784237 0.000995951675832387 0.00106265659281164 0.00175938105335706 0.00108250098843505 0.000851290507087868 0.00104762250111325 0.000927961938191789 0.000919055609621521 0.00101299940078719 0.00103812599748248 0.000805123470407474 0.000547967265945576 0.00174107525063412 0.00147449284158893 0.000756027640259466 0.000930347991591186 0.00108208795839083 0.000815997326710364 0.00114352127969547 0.0015331323253948 0.00119835513470912
0.00128361215004033 0.00102048717351586 0.00138006032956811 0.00176499173563064 0.000792934440608809 0.00139705233184363 0.00145779333713061 0.000968707767723818 0.00109062076880242 0.000564667425455198 0.00143651317748567 0.0015938258126044 0.00171492162729905 0.000884125680629035 0.00166500586805991 0.00134864333025706 0.00123386050329459 0.000905460708758594 0.00112331426685527 0.000749020028642129 0.000974501998572587 0.00152060654295056 0.000735210972193749 0.00114005798033965 0.000537848705616091 0.000860644095242197 0.00100917439316691 0.00109380718547696 0.00144715693821301 0.00069922782582503 0.00129804545123226 0.000961439940108199 0.000986421749354798 0.000981650569089783 0.00115966283658205 0.00109977442594813 0.000809606203654224 0.000945302817218951 0.000534527881774623 0.000837919045611329 0.00167442526970116 0.000899309735578496 0.000914463266359629 0.00113596619129865 0.00157740255392922 0.000889614808266262 0.00126570633470191 0.00160010524029962 0.000951918013762819 0.00143865008582688 0.00101284008684373 0.000750447948070262 0.00191185234811578 0.00067242528850618 0.00102947263497327 0.000944977472332504 0.000881827231014823 0.00109358994028875 0.00120608376868445 0.00114693020407431 0.00090809402464189 0.00126699581303534 0.00100216741702049 0.00104712774616174 0.00118794497755302 0.000878102120784385 0.000778422122285055 0.00134651382785961 0.000666546088716866 0.00100845480223384 0.00107823321177029 0.000720934077026545 0.000920427559761579 0.00120259880696435 0.00101436632049035 0.00120921171976166 0.00160217222660108 0.00110377132759908 0.000991416062823355 0.00102038920396173
0.000758603817358658 0.00110905972155492 0.000788820851124524 0.000895713980677297 0.00103010999906662 0.000494976935894549 0.000708483317920071 0.00073283592475011 0.000922078843666176 0.00129404781082603 0.000540461424969364 0.000608520330565876 0.000884125680629035 0.001902623865114 0.000850607299099738 0.00107421042831377 0.0011113430104031 0.00139676642569005 0.000995526963458774 0.00103743524065147 0.000999332716457816 0.00122925003930816 0.00106124230807981 0.00120868122284358 0.00129073856082719 0.00116381479811859 0.00108897520503871 0.000900950312460001 0.0012677993771714 0.000708880401570019 0.00110566015641214 0.00111457813547918 0.000862271642977713 0.00124057256004165 0.000688858644641628 0.000941072083983186 0.000950870302003391 0.00110235593389953 0.00103968375372203 0.000615777329228512 0.000719159805249528 0.000579161465291036 0.00285475152819338 0.00166560221622661 0.000849742653591583 0.000937044277234503 0.000963318595381867 0.00110138358905604 0.000585840751978809 0.00150775122910662 0.000873319970884212 0.00111430666455661 0.000671986562546018 0.000885839817609127 0.000925343659151744 0.000889872615655542 0.00070114115226251 0.00105202944002972 0.000769220005547964 0.00063016606737791 0.000956351212234814 0.00119446881973534 0.000865180420261542 0.00211691229320455 0.000624283447753053 0.00113576836143201 0.000633655861384896 0.000983433955788383 0.0008989069915813 0.000959324749127432 0.000423018738273912 0.000946863863938859 0.00124352016811371 0.000569894584573442 0.00179089873244654 0.00127746884045209 0.0013794522408231 0.000742451774776156 0.000451271795066674 0.000645421053006331
0.0015858785748558 0.000786995913387844 0.00103532635361222 0.000884985414787491 0.00110131217713117 0.00146883294263429 0.00135902036911253 0.000978978616101998 0.00121274601587452 0.000662504488696559 0.000666118077345504 0.00116204777485165 0.00166500586805991 0.000850607299099738 0.00365016453150758 0.00130881703307166 0.000894819693807342 0.00124739115630851 0.000762809013768814 0.00130039263842958 0.00187179422828661 0.000875655744152189 0.00122270030905358 0.00104761680759618 0.00158000316408068 0.00127109279772957 0.000841467495667487 0.0016786075985499 0.000757552245244412 0.000776114076129125 0.00144685134969994 0.000737460099647209 0.00165874233730952 0.00134062488334931 0.000862682196922546 0.000699651638459403 0.00072320884603297 0.000900473977205372 0.000777210976732899 0.00063175666673139 0.000934400939893157 0.000953477636997681 0.000661672553328513 0.000529806248907793 0.000841185001223692 0.00111730242824539 0.0012134719828126 0.00104197719226337 0.000918801084035067 0.000575287857787945 0.000735019454330952 0.00149327098718378 0.00124796474742954 0.00144156098592967 0.000900816531772478 0.00134651890660388 0.000776892512418623 0.00141794325869687 0.00105740354669381 0.000907319857431996 0.00146395984575044 0.00181374035278736 0.00170383283090154 0.000838896000055647 0.0014245872243262 0.00103707973426368 0.00100302855769495 0.00075554606829508 0.00160795835910078 0.00127134365188479 0.000730080044551305 0.000776791386853178 0.000712688718380448 0.000714367049048027 0.000592398656435876 0.00114734695838797 0.00126156035302401 0.00131901540931101 0.00112136405634792 0.000743789498252952
0.000926445668689126 0.000964157098183998 0.00118052657456901 0.00104819235899447 0.00151166249391046 0.000907570475025154 0.00117615393837136 0.00124642531274893 0.00192220007600684 0.00168700012009241 0.000956950850958527 0.00118208435503619 0.00134864333025706 0.00107421042831377 0.00130881703307166 0.00206989268674522 0.00131767467841246 0.000941653256981601 0.00124787716316449 0.0014163252538516 0.00105693558095058 0.001194661586156 0.00140214031825948 0.00108752398288438 0.00123602862701682 0.00101815870618303 0.00137760758959916 0.000974246760036907 0.000808515880992149 0.000961882873851655 0.000894832302096443 0.00123178900355064 0.000828916303148772 0.00114331995412305 0.00107257650257336 0.00104677935694361 0.00052965141486678 0.000619205293731753 0.000949124492889973 0.00149994370878334 0.00175878070452897 0.000725815739791084 0.000750365117534859 0.00055308919996449 0.000547436235504316 0.000629981738043436 0.0011521633398346 0.00122320307918301 0.00092232158062301 0.000736453809527612 0.00113558329373881 0.00079448189218266 0.00177488565004421 0.000690579925284719 0.000814918699333231 0.000665328256109702 0.00093405164761588 0.000666357064449243 0.00112580836818303 0.000850431376574462 0.000937786468359763 0.000795176768851299 0.000979998482994793 0.000586450849823172 0.000961594466627032 0.00116319205503549 0.000587036171544664 0.00106720883712771 0.000960184710572341 0.00153937974362442 0.00104514032000898 0.00130507654683479 0.000865575157087566 0.00143794694735115 0.00115417206023661 0.00104705256093823 0.000624540912522813 0.00119060804846619 0.000759282641488219 0.000689001188809004
0.00107626403889362 0.000973414552363885 0.000650757367075755 0.000985853733845632 0.000774046410527966 0.000537133687874703 0.0011498066171456 0.000838825457180491 0.00110941612401316 0.000910457941655356 0.000725505168631625 0.00166540073630021 0.00123386050329459 0.0011113430104031 0.000894819693807342 0.00131767467841246 0.00173307956246897 0.00063953504580414 0.00119615385371251 0.00125430993192951 0.00112861404975154 0.00078800909213487 0.00138137370831074 0.00100303100818661 0.000788967250683594 0.000941607128870829 0.00114566041699733 0.00123474597786725 0.000734487481638666 0.000903673491469017 0.000647287734768665 0.00109713300124155 0.00137729863162171 0.0010672795814353 0.00117587060111427 0.00150411170447435 0.000921355970410637 0.00128757722528977 0.000595474740380015 0.00104078130629763 0.00111807089003338 0.00108403682370582 0.00158192505060029 0.00113327321504308 0.0014859621072842 0.000978269936084949 0.000988661886796935 0.00101430006648901 0.00125871991651183 0.00202438262316107 0.000943715969328497 0.000802961769149906 0.00114796409745366 0.000715571689315956 0.000965763690058544 0.00172790020740491 0.00127134648848766 0.000841210422169513 0.000535795467714412 0.000698006607759077 0.00182828525864839 0.00105522100921697 0.00144359767098619 0.000744680170399043 0.00219669430912275 0.000844894026122154 0.00163270814742333 0.000861528441308228 0.00181230969499719 0.000791577790625409 0.000959563713314413 0.00189623637299087 0.00139514926116292 0.000874131476828713 0.00174686207523396 0.000594822766781969 0.0014308775521104 0.000786763518594202 0.00105650358451888 0.00079883669927331
0.000919866133747942 0.000605103346315268 0.00113621182984798 0.000809892217375061 0.000948689600712456 0.00146954535923083 0.000881583570711598 0.0011674029188968 0.000989589594889228 0.00147018436815065 0.000905946591184273 0.000875215459204162 0.000905460708758594 0.00139676642569005 0.00124739115630851 0.000941653256981601 0.00063953504580414 0.00133777674635573 0.000873520801087567 0.00113708309964839 0.000898358546316405 0.0013700548956962 0.001244325957868 0.00106804636766196 0.00101061171528185 0.00136379747954929 0.000898671519148994 0.00112063473164768 0.00072023902132712 0.00085419653870225 0.000830409233863328 0.000819473141691988 0.000989306595931812 0.001357142346546 0.00110694999066468 0.000547327694482868 0.00124169095344561 0.00122055788429043 0.000617407373137175 0.000858753689996542 0.00123381094415645 0.00158945842625366 0.00123948030044221 0.000948840565113411 0.000559955046356002 0.000587611894543628 0.00061149606446528 0.00137093095343897 0.0018368796747315 0.000837221702552451 0.00155374955614939 0.00140974078544293 0.00123644181293197 0.00126735515908231 0.000861521412339768 0.000916770792356828 0.00108702154135946 0.00101755132159271 0.00124949940562422 0.000449399223379382 0.00117168844258489 0.000705399129725895 0.000403945678427723 0.00138485167909144 0.00148911057788904 0.00122213916406908 0.00115440531931815 0.000895887126445165 0.000845724738475586 0.00161690868024888 0.00121412527848754 0.000986716045949416 0.00154234129226277 0.00120355220445371 0.000889101225742713 0.000772703571753543 0.000470632332819598 0.00100324006459354 0.00085913080275429 0.000683888002881813
0.00138334493878646 0.00137572329234215 0.000550338193839189 0.000427717053495805 0.00156005771382753 0.000829936604745738 0.000991308588820386 0.00076730630295609 0.00120338851119981 0.00105325635937467 0.000816977426712038 0.000906959731506969 0.00112331426685527 0.000995526963458774 0.000762809013768814 0.00124787716316449 0.00119615385371251 0.000873520801087567 0.00249055762977042 0.000849603086704247 0.00114474614230642 0.00104011470233456 0.000957127485726804 0.000495343352690153 0.000999820649647481 0.000829386371289767 0.00082226210557858 0.000761336182440653 0.000747583638014888 0.0010775111911481 0.000753287314798566 0.000846431685297934 0.000888483287958777 0.00104684194659261 0.000861463467863966 0.000761720912295479 0.000770844603047648 0.000630262348371181 0.00180365474035683 0.000505625708190077 0.000997997721816647 0.000982975384016162 0.000990756974392529 0.000859195701773629 0.00101994986687096 0.000705132562213492 0.00108026621283099 0.000613009598414015 0.00177556679485485 0.000906883631625382 0.000962804743165601 0.000969664218669715 0.00143341872773306 0.00156150257342649 0.00159076327630332 0.000726978214017037 0.00139420007148776 0.000870366835469786 0.0011361300392521 0.00118945926437212 0.000817247671698624 0.00115335482120987 0.00219466711222646 0.00113249186733479 0.000687265177784477 0.000759607577425516 0.00184740918947568 0.000878376333527651 0.00115081224524662 0.000847184970386828 0.000644362320975878 0.000864317605501742 0.00141362527395355 0.000913260901647264 0.0010190985238402 0.000829062302358339 0.000731359083962489 0.000687759879321731 0.000904492386057056 0.00109118030573151
0.000786359238558529 0.00122616678161917 0.000942332125889006 0.00127782967156331 0.000942760251123374 0.00134978750825707 0.00137302826843317 0.000946058954658709 0.00110297852626029 0.00106389249662241 0.000741798779175095 0.000853314787128496 0.000749020028642129 0.00103743524065147 0.00130039263842958 0.0014163252538516 0.00125430993192951 0.00113708309964839 0.000849603086704247 0.00147491325930242 0.00151074943816203 0.000809359882961941 0.000772975579013743 0.000699791535145176 0.000987721730198316 0.00147593162640044 0.000884953599099731 0.000767072168288827 0.00102661940178877 0.00085770531876678 0.00103832066577357 0.000709279517360325 0.00103653284556727 0.000734872898451247 0.00112122118476563 0.00127904450641906 0.000719090295112579 0.000819939418417895 0.0016174799256357 0.00109160551285055 0.00123013869961272 0.000541862809859646 0.000481674096748705 0.000590612186754697 0.00118800811515983 0.000714538244815844 0.0010795710250274 0.00104744539627033 0.00200924200104438 0.000650790964968249 0.000610727518740307 0.00101961113209261 0.00100291346578226 0.00103899810877681 0.00102813264394732 0.000770971294302063 0.00163957759278906 0.000676436532994298 0.00122616399607602 0.000495633112553938 0.00105823520123904 0.00157923155590189 0.000947080302567694 0.000932093479390365 0.0012892760038401 0.00122594324693079 0.000726544830335225 0.000505154619150746 0.00115873195280823 0.00055263844273241 0.000835711174043095 0.00151360828281987 0.000502569397157164 0.00130501326948704 0.00127228087862667 0.00056407242125625 0.00130744657093915 0.000726954595647167 0.000407513095011092 0.00107304295001068
0.000894496958402122 0.00117417177775207 0.000910430397303176 0.00175800628418791 0.000797110575227426 0.000760924920518245 0.000801560806722583 0.00108323139219881 0.000696684098533591 0.000995283342786858 0.00142031411858066 0.00105843272385657 0.000974501998572587 0.000999332716457816 0.00187179422828661 0.00105693558095058 0.00112861404975154 0.000898358546316405 0.00114474614230642 0.00151074943816203 0.0015730110516569 0.00110461346853303 0.00138473497828284 0.00121529197224841 0.000982267294210316 0.00127650524362609 0.00142781614713158 0.000643950800054968 0.00116242089631341 0.00152400367653488 0.000849287724271706 0.00126365118796738 0.000743466779149822 0.00106231236167463 0.00122038032066236 0.000957849863186142 0.00133244259578319 0.000685571230564972 0.00148811019762184 0.0006992383467471 0.000767986505637986 0.00123831846238566 0.000815363589107917 0.00124737483625233 0.00135376950092292 0.00112156818219805 0.000977963458808102 0.00120650919665361 0.00182876976957479 0.000776426993774477 0.00116372269525417 0.0015450935170346 0.00056540865941325 0.00125467903220082 0.00120819468229461 0.00123142148365843 0.000733563863855609 0.00129640883314389 0.000951484913203515 0.00106652355535036 0.00169070139334072 0.00116183223391089 0.00202449223660065 0.0010324976620744 0.000586311149368388 0.00118655574605909 0.000807897090909333 0.000871149830473339 0.00103550446845174 0.000993621557509199 0.00112674140548931 0.000947502600897801 0.00161539080956958 0.000639084238618722 0.00164915287655874 0.000772647691291163 0.00156469824488431 0.00162043706488969 0.000764511014196141 0.000820135373556932
0.000581677062062201 0.000971306053938761 0.0005956231724796 0.00166296270740194 0.00128691670928747 0.000753905782870345 0.00100625712427353 0.000986976027639212 0.000679761817550114 0.000584885501082575 0.000859768336350765 0.000935413568013674 0.00152060654295056 0.00122925003930816 0.000875655744152189 0.001194661586156 0.00078800909213487 0.0013700548956962 0.00104011470233456 0.000809359882961941 0.00110461346853303 0.0023154673712185 0.00124370571448234 0.00118064937993688 0.0011177169209765 0.00122829913103797 0.00157353395913632 0.00132209923288691 0.00116956488294382 0.00121363140994311 0.00106951694482662 0.000530292395073345 0.000934947750371348 0.00143671036379385 0.000839967425855789 0.00120421294785594 0.000897562478152431 0.00103296347219794 0.0017341443710497 0.000447504499771571 0.000719606206459449 0.0021654971627252 0.000710718637514041 0.0010060560884099 0.000492230676224869 0.00102711575358544 0.00111183886404198 0.00146752944306526 0.00107721792357587 0.000834598859061588 0.00055560352194701 0.00151854930986249 0.0014340010915042 0.00139359144358991 0.00113502226910746 0.000684209444850688 0.00142485930190047 0.00111769654115501 0.000821127014836127 0.000909946542958595 0.000854718537470603 0.00089356857737651 0.000770875289401912 0.00195920045133778 0.000841673902971621 0.00077263364593484 0.000545125086670561 0.000919536056086885 0.000945614114861246 0.00100305949080214 0.00103350939987035 0.00130882570256753 0.000839117231215838 0.00149883746060651 0.00116841402519091 0.0013159255757782 0.00108388159893945 0.000972606358372666 0.00107273360296436 0.000832688683331307
0.0006390645735869 0.000757252692917912 0.00113784799641228 0.00148649898542708 0.001022073421785 0.00113606402364204 0.00153232613762939 0.000450755738851434 0.00141203763807376 0.00104024661235625 0.000922705682160834 0.00119318698494508 0.000735210972193749 0.00106124230807981 0.00122270030905358 0.00140214031825948 0.00138137370831074 0.001244325957868 0.000957127485726804 0.000772975579013743 0.00138473497828284 0.00124370571448234 0.00249705464784164 0.00137362668061551 0.00107863276196575 0.000438459365049153 0.000991905962658875 0.000993380015575759 0.000658553431349617 0.000844491680104463 0.00178024208016744 0.000962081535854469 0.00138110055510739 0.000932388230316137 0.00102863145503594 0.00158360345837154 0.00118632582034902 0.00224851842508909 0.000951160621737584 0.00114676031968509 0.00115370683124575 0.0007571354264811 0.00058890489023116 0.000663162673009067 0.00115828398620157 0.000820157458622203 0.000861941311138173 0.00104446841259717 0.000503594599381966 0.000783804173658675 0.00164767843686142 0.000846973282744528 0.000615274596645618 0.000949315874762678 0.000755143661188991 0.000497572875015239 0.00129404920440126 0.000861991366934487 0.000672812387795695 0.00109651326960055 0.000948181870386945 0.000888694025782594 0.00141424277964262 0.000692340927386086 0.00137213414694635 0.000801916166536141 0.000555892291790185 0.00139043882141538 0.000621877139248793 0.00122707628130375 0.000465105287495688 0.000969345221044254 0.000843715229499609 0.000481763428580119 0.000923834297636215 0.000990291916252998 0.000623420760749689 0.000863425878897852 0.000970354819364397 0.00170056021405433
0.000538295511091502 0.002608373397348 0.000889947800689922 0.000783746426855684 0.000630186143648885 0.00152966741889931 0.00146951170966772 0.000950309938818827 0.000653733703439465 0.00166596242861269 0.00117430926543565 0.000730605036852917 0.00114005798033965 0.00120868122284358 0.00104761680759618 0.00108752398288438 0.00100303100818661 0.00106804636766196 0.000495343352690153 0.000699791535145176 0.00121529197224841 0.00118064937993688 0.00137362668061551 0.00165325037685633 0.000518714730047645 0.000652925724378015 0.0011041007532875 0.000708192617256149 0.00179061102178503 0.00131403402853673 0.000662244078293427 0.000969200196452492 0.000919198946416635 0.0017225536206587 0.000806330620723826 0.000611508244382545 0.000590511411831901 0.00148884691791239 0.000946575472043405 0.00056117061160126 0.000696453091260118 0.000581332934476887 0.00150687334137648 0.00107520517940293 0.000737415967176118 0.00106310621531804 0.00117996157176744 0.00132835854589556 0.00204692294634006 0.00142153035604519 0.00108211728010922 0.000673742022955587 0.000934814884300115 0.000672935920892464 0.000822553077720097 0.00123180943340286 0.00172785393443655 0.00102437395452684 0.00118479727185079 0.00110569871055284 0.000961565383476769 0.00120145361828426 0.000992728735331202 0.00102092573308608 0.00111206867856048 0.00146880255094579 0.000888919211675922 0.000958579013462168 0.000917359544904706 0.000898423512151505 0.000938414255534144 0.000738297003921775 0.000659438702850683 0.000714671253004985 0.00160884136281697 0.000919238153818651 0.00110621389315141 0.00119606854271142 0.00166881788727595 0.000637077886041756
