0.00140093445723818 0.00126831340782335 0.000477522275106077 0.00114179128214696 0.00124682173777433 0.00066204773955558 0.00187976916730763 0.00109057118801341 0.000877161849484605 0.000917210656829501 0.00134606766865662 0.00153544827018902 0.000906356478904799 0.000916059457546059 0.00094266248232579 0.000967020134598132 0.00125621022422847 0.000944868800115257 0.00191313219342363 0.00128071107226609 0.000810879885513163 0.000864664187572338 0.00125552365282712 0.00130662028625007 0.00113292437606828 0.000767499895671672 0.00105555190886884 0.00108241688636935 0.00134391826938954 0.00136768680472516 0.000941961743070161 0.00159465024582784 0.000558506036468491 0.00112412962642697 0.000830143915254893 0.000783507446188442 0.000937633691614026 0.00117358333935082 0.0011565726915964 0.000985657972021413 0.00113144733258994 0.000978991163556709 0.000865245875968161 0.00117070699507231 0.00102830443038152 0.00167679130670509 0.000852896895086918 0.00140722760203976 0.000676975538531971 0.00143922043216964 0.00117892589892901 0.000954506734334784 0.00207265077839126 0.00133400915570543 0.00110445163623217 0.000591744926526937 0.00074784722264957 0.00192414135210455 0.00143900761112364 0.00098982857998381 0.000796289427200209 0.001751960467434 0.00114213604482493 0.000572586680875608 0.000440563073750354 0.000285268807604076 0.000607827822255115 0.000962980631301305 0.00195821827993918 0.00145220175124553 0.00115730953703949 0.00100534614175495 0.000770066363290332 0.00101952308840712 0.00118261211782126 0.0012452591184614 0.00129190401518852 0.000798370175857171 0.00122885621424794 0.000821835386497853
0.00126831340782335 0.0016189712123567 0.000738215252746564 0.00136098737320007 0.000925775286956547 0.000656523266057727 0.0021537620002246 0.000744730956972904 0.00157984412374889 0.00142416311249101 0.00159342218036813 0.00100901768218036 0.000919292080545378 0.00122985427753575 0.000965145688311837 0.000598406736637057 0.000865956245148314 0.000590000422584382 0.000828049886595825 0.000779967773085118 0.000776838840546627 0.00201725591140064 0.000696372459615718 0.00113718553219467 0.00133506253044337 0.00127894077966114 0.000953320168802816 0.000829655658051059 0.000880247104908487 0.000854272319228155 0.00130019596487951 0.00140523794140077 0.000873406709069396 0.00141720358998242 0.000983703331404764 0.00108226877379656 0.00133638636929079 0.000665116835592185 0.00104049354160846 0.000928420414824798 0.00133237836512937 0.000971940774795921 0.00106813873416301 0.00091329504870219 0.00134138539936436 0.000873771729911444 0.00065476618643754 0.00134693962715924 0.0011687320846998 0.000733134352947607 0.00105445050466208 0.00112572184983467 0.00109423532352141 0.000635358946638285 0.000920753262579054 0.000668377503810751 0.00143011371999101 0.00157039079678507 0.000900969922690178 0.000839098294893828 0.00100006165272845 0.00129889911719565 0.000757068839852335 0.00124183350926037 0.00125735930756796 0.000760365409702245 0.000619846144202061 0.00101108029469537 0.000841304426474044 0.00111025252926244 0.000702996223874703 0.00119948792516111 0.000875629347945996 0.00152620953357416 0.0010054346387565 0.000874693788739248 0.00123597905423165 0.000653237911633054 0.00151613990240585 0.000880986203104448
0.000477522275106077 0.000738215252746564 0.00269616374600649 0.000904506817749882 0.000909307117529768 0.00221147719564803 0.000756570001821025 0.000899235654442198 0.000470517413292559 0.000804419070930372 0.001141189137727 0.000985188414395915 0.00158474465760207 0.00154986515209726 0.000851767802560268 0.000595317788446219 0.00113860899083481 0.000558995424055866 0.000974367256001566 0.00161823591271065 0.000571865657620597 0.00103082424409315 0.000834844907835196 0.00096750304000476 0.00072235180848332 0.000953791258836229 0.000691704423215903 0.000806919318972402 0.000978825942831546 0.0011904925065477 0.00090113423062154 0.00143733369568404 0.000688619692822674 0.000838030747149083 0.000909080374679597 0.00126778363047694 0.00118724219352602 0.00125854664899903 0.000965904579963508 0.000845090291384132 0.0009023776676967 0.0010014860974242 0.00105314907789317 0.00133894387878038 0.000794244725167518 0.00101415179637218 0.001590279761398 0.000990177071650834 0.0022629317303053 0.00107213699548029 0.000511826118187781 0.000810460128042263 0.0011144487076013 0.00124990426832477 0.000813578082656237 0.000749451378084864 0.000649312427425066 0.0013394185560415 0.000977201860184836 0.000939447202259562 0.00158315725759441 0.00103491551378016 0.000984068952902488 0.000824216705892336 0.000863457200757118 0.00166717966729541 0.000949947424122639 0.00101012675237327 0.0008984379411089 0.000738571033275959 0.0019391277376635 0.000734698377764615 0.000578688146449292 0.000700576243439396 0.000844225784596725 0.00114736974811073 0.0016016255892295 0.00118035701158801 0.000565651780129127 0.00110349042000903
0.00114179128214696 0.00136098737320007 0.000904506817749882 0.00198110002541357 0.000925435998101113 0.00149660466656464 0.00121621869633163 0.000972594226476724 0.000878243430453853 0.000772403344213248 0.000649939319591974 0.00116943634960983 0.00102201248990774 0.00129414250922224 0.000919159538739212 0.00175695036109644 0.000685709531565802 0.00119344910831017 0.00110961538422801 0.000884746708511976 0.00139992428590769 0.000770560026594335 0.000748006431064055 0.000724461576548679 0.0011867178000676 0.00113133827136611 0.000923410642505952 0.000878329810124527 0.0010800530769035 0.00107570930490516 0.00126319902257846 0.00122773065516159 0.00050462319087537 0.00147370410803142 0.000413604452594086 0.000881392886006534 0.00110830151275708 0.00104626285068843 0.00108585730828241 0.000936090903483118 0.000579745982047093 0.0021708755261453 0.000726595249135517 0.000880072135652228 0.00137456008734998 0.00158216287945604 0.000637451616977312 0.00221945542268147 0.00139250522911602 0.00123566729583669 0.000867448058006472 0.00159767077111238 0.00124619017587253 0.000756661382096222 0.00115614145137105 0.00105083912985549 0.000630731836629596 0.00098091277857715 0.000620648431008299 0.00146909439696525 0.000893606249832618 0.00114700439482735 0.000726198778293631 0.000743216563892422 0.000949927258238754 0.000652748691234185 0.000759122686559656 0.00187863828877667 0.000735040532403397 0.00129909865997924 0.00102095476188016 0.00128951646862919 0.000568842483016306 0.0010895012195956 0.000976664250270084 0.000601286543919395 0.000744782169322497 0.0010584380312109 0.00117902297007094 0.00104644981327008
0.00124682173777433 0.000925775286956547 0.000909307117529768 0.000925435998101113 0.00238848616311651 0.000836205290041241 0.000667940985396593 0.000461228911259917 0.000484794127771384 0.00110344085320823 0.00189315581220709 0.000991060972880345 0.00106264637026051 0.000807602046289417 0.000888027553013356 0.00150041656079222 0.000782551417657291 0.000862807910664717 0.000968948895147397 0.00086083037720036 0.000910515453014152 0.000974178154697549 0.00129595231727511 0.00071014022082335 0.00114032746291101 0.000811147222214516 0.000564703990121751 0.000892405412664885 0.00094103271762766 0.000911652054606842 0.000761759341884885 0.000939285590256527 0.00111302342453509 0.00133564161323013 0.000992224861518398 0.00133959834411472 0.000878223675694501 0.00101209526286496 0.000776360792531231 0.00127345179722278 0.00129598140077121 0.000690547064023687 0.00133966563843888 0.000713768921938251 0.00109685530320802 0.000635316108708414 0.000908270358310378 0.00111158369031493 0.00134810331922762 0.00106541680244129 0.000746871051788536 0.00165328625118415 0.000831243679869476 0.000657261457075469 0.000854513800546835 0.00117208149270652 0.00100802670531826 0.000720416248304505 0.000999552039406802 0.000752149816884528 0.000906119184663007 0.00156473404831591 0.000914491123213877 0.000963367214296823 0.00108948244908299 0.00110588673782674 0.000717324192155981 0.000624770454892615 0.000696681621304456 0.0015818492181087 0.00109411312039974 0.000878261833129263 0.0008889992929881 0.000628451599810449 0.000634572331216424 0.00107927545425258 0.00096085044022087 0.000659616060225829 0.000615306537464508 0.000779845400352379
0.00066204773955558 0.000656523266057727 0.00221147719564803 0.00149660466656464 0.000836205290041241 0.00180638070036394 0.000794819173795309 0.000717823467741866 0.00134551756468462 0.00126462390835747 0.00111436408995634 0.00152634936412408 0.000841713155909256 0.000581998337673427 0.000973756753905767 0.00159528750042871 0.00109700425039663 0.00090110470637276 0.00117845782368815 0.000932004712588748 0.00115413442291511 0.00077289077637309 0.00167747840555555 0.00073990797491428 0.000972455813462354 0.00105211041971361 0.000873083586234492 0.000753370585790809 0.00117489193852464 0.000660191498498825 0.000648124996551421 0.000941064842589228 0.00130186324921703 0.000653328988820006 0.000926791772447916 0.00084053364889354 0.000868547723763413 0.000882681403526569 0.000973021145805462 0.000736869019223602 0.000870859773239768 0.00110295009501062 0.000799134348402808 0.000748557500959604 0.00134835634251145 0.00114581200768815 0.000802478110291653 0.00165912255637663 0.00094655105368508 0.000810167772756034 0.00101805760258905 0.000949975535828298 0.000929644685677384 0.00113298008222985 0.00100198026202248 0.00107506646063314 0.00103193437654945 0.000963375824614999 0.000719563826535525 0.000672462719098033 0.000655826335304948 0.000719679965173734 0.00112064065696799 0.00175774207389866 0.000972623561091841 0.00121495465870225 0.000884980905763042 0.00135475289302361 0.00172796579443369 0.00184587467787202 0.000498873795457524 0.00137628274678158 0.00109468685066323 0.00108648637935993 0.00174449451695195 0.00120622481433415 0.000777646135139702 0.00123523393863568 0.00110496061120993 0.00102677090782789
0.00187976916730763 0.0021537620002246 0.000756570001821025 0.00121621869633163 0.000667940985396593 0.000794819173795309 0.0028829447358822 0.000649697302049009 0.000636046274784337 0.000709066488770635 0.000907505222122763 0.000491930080234395 0.001196081523511 0.00155464369316088 0.000799914031952756 0.00163881092788005 0.000694884918190329 0.000963274932015867 0.000828169012282908 0.000936732292981193 0.000956397620251145 0.00106359509295983 0.000543626302590248 0.000875995612466267 0.000922100864924188 0.00114984914072474 0.000652109168959092 0.000849893619762152 0.00102884389401288 0.00131851699224454 0.000601924412726679 0.00092620126408197 0.000662092903332547 0.00158406467685609 0.00103141440505652 0.00130965426789685 0.000865643509329211 0.000845406315299284 0.000797109988233185 0.00145299213750721 0.000887992385595018 0.00110536592579362 0.000632043679277994 0.00130935595862446 0.00089525853753593 0.000628150796328317 0.000713797598424099 0.000802974835791247 0.000897172778360393 0.000825351962338374 0.0010038365221567 0.00123822598637425 0.0014583412816945 0.0011106718806871 0.000869656216548282 0.000921753101349626 0.00180277731656363 0.000858444408394514 0.000876336134795766 0.00109450089934657 0.000672540987471059 0.00123912004097715 0.000489406546129595 0.000847832501152951 0.000595332824520571 0.00134002721861337 0.000436383846879561 0.000731512285711211 0.00129865995030946 0.00143324914430405 0.000813251165752607 0.000989473989440333 0.000952942653226001 0.00104287700035284 0.000548156276109827 0.00163068458581255 0.000988735149627119 0.000915227283856117 0.000616592163869769 0.00115000811836229
0.00109057118801341 0.000744730956972904 0.000899235654442198 0.000972594226476724 0.000461228911259917 0.000717823467741866 0.000649697302049009 0.00148054468664026 0.000816241936623076 0.000673796758692629 0.00103100310670674 0.00144126189780132 0.000897278068058997 0.000658837585411318 0.000550675221858331 0.000535120676541283 0.000414798622349789 0.00137069595675445 0.00121261390572677 0.00104546471712589 0.00115042565911351 0.000894809954086022 0.000886775731020267 0.000720736290250552 0.00108249728955742 0.00113059758744426 0.00123726541678856 0.000871978163278496 0.000826401191035504 0.00100207953747858 0.00112982954181731 0.000685054922170428 0.00120438374981649 0.00194780719857031 0.00109145026738717 0.000987559315142247 0.00127660381703941 0.000843731067556753 0.000869200522430108 0.00162908141139711 0.000867753413327104 0.000995262577032345 0.000462865517317708 0.000727171390938104 0.000934218707407968 0.00126895784800501 0.000957055299602293 0.000943739836697454 0.000612331141237522 0.000718142521083739 0.00104792064360321 0.000871962232639599 0.000707703418405549 0.000712179602735294 0.000954266082569675 0.000710511808724012 0.000877239068601837 0.00122573611963955 0.000717681709775252 0.000890199951990636 0.00153431610265252 0.00133540961303859 0.000488923769691807 0.00111173554487048 0.0013890670934641 0.00287904021473043 0.00188437424419636 0.00186257353624631 0.00176916492570246 0.000975646791480284 0.000802367202471966 0.000773889333990214 0.000680504414155915 0.00114720773310185 0.000683740921523991 0.00115454715523721 0.00106087701087018 0.00140707171357934 0.000812156295473539 0.00123516473017199
0.000877161849484605 0.00157984412374889 0.000470517413292559 0.000878243430453853 0.000484794127771384 0.00134551756468462 0.000636046274784337 0.000816241936623076 0.00262171407087737 0.0012967530127591 0.0011967530151392 0.000878894604253891 0.000705027691030127 0.00095617568140883 0.000890677832960466 0.000828992967536112 0.00124632271911432 0.0011041337194238 0.00057150343937483 0.00090947036019358 0.00146236041608976 0.00132109173176878 0.00126911859803578 0.00107311357374149 0.00144019181224877 0.00123764647190879 0.000493517543408258 0.00128023367711388 0.00143203259024341 0.000865293166451072 0.00119441501544563 0.000804568964071667 0.000694327506066815 0.000828204158263649 0.000521375461178923 0.00116027002036764 0.000981863395366743 0.000738281641577301 0.00155522167385595 0.000964059571481367 0.00123478148994332 0.000967797782468091 0.000995572931795271 0.00106802162288821 0.00189007387612523 0.000731725990149079 0.001070368905024 0.00102149042895445 0.00169684006670718 0.000756348817657678 0.000927298486534396 0.000557931387951466 0.00129184345198566 0.00103463435029992 0.00133070559865086 0.00116236294134 0.00125786594878826 0.00105900065758891 0.000767659922224878 0.00178505396911314 0.00104722183900407 0.000769138377945646 0.00133842743360043 0.00100441555239947 0.000629579979050489 0.00146796646846826 0.00067460783197932 0.00110323165408485 0.00113536426426731 0.00123693365315889 0.00152044090766424 0.000978713529153702 0.00126512210523746 0.000664526707725853 0.000611147400305923 0.000961679494911222 0.00134042606279011 0.000939680158680513 0.0010536814442025 0.00101904789731545
0.000917210656829501 0.00142416311249101 0.000804419070930372 0.000772403344213248 0.00110344085320823 0.00126462390835747 0.000709066488770635 0.000673796758692629 0.0012967530127591 0.00250818886332695 0.000903520907778118 0.000783287884823667 0.000642368107725677 0.000772340902038762 0.000961088828243382 0.000957481647116248 0.000810344187781982 0.00178834271723781 0.000587988300680778 0.000676939667470396 0.0011820757826205 0.000844448566351304 0.000871439966098211 0.00124254217750545 0.000826455121254455 0.000871162856652617 0.000845643102116486 0.00107332048196768 0.00135676563366734 0.00129323509172527 0.00101169598166585 0.00105531929708429 0.00126716624196002 0.000805995472759716 0.00124620643848818 0.00137084072743492 0.00101337542099641 0.000684699353609511 0.000751208722678892 0.00129749860270067 0.00155020088036395 0.000907795901429198 0.00125877682281545 0.00224814332930946 0.00159580696316611 0.000687619715362799 0.000926001835269756 0.000950408272088558 0.00137663990700033 0.00133432649875667 0.00124672086439593 0.00129540359626695 0.0014409421071072 0.00109902980392416 0.000997952160561028 0.000398864561640873 0.000917012111425028 0.000953267226067877 0.00132732495446621 0.0009934666964894 0.0013302540743434 0.000723497436261828 0.000843051897654666 0.0010721894720803 0.00130422821646958 0.00076603662465275 0.000836645671253648 0.000854425828777459 0.00192877197446751 0.00175356349258153 0.000697581184560867 0.000411863318245503 0.00128850906389027 0.000882553586178107 0.00107232502168028 0.00112537770976613 0.00176751604716733 0.000954072329922504 0.00103910854433019 0.0011700426906364
0.00134606766865662 0.00159342218036813 0.001141189137727 0.000649939319591974 0.00189315581220709 0.00111436408995634 0.000907505222122763 0.00103100310670674 0.0011967530151392 0.000903520907778118 0.00212313555136856 0.00128046407474269 0.00127696288095799 0.000504088937573202 0.000505974305981655 0.00200756747753735 0.000911583664875205 0.000850776211238844 0.000651600269680763 0.00195420897100605 0.00128736751691685 0.00100870335476672 0.000993697856132569 0.000810161303218736 0.00102814294242972 0.00118126510396356 0.000629101243975139 0.00169707142889415 0.00130492262875381 0.00096790808860938 0.000843239077351058 0.00118024314312705 0.00136423178444728 0.00132119455881442 0.00114545355149472 0.00107005413367091 0.0011902995458536 0.00185087504845374 0.000996103013982583 0.00112090069333526 0.000690456785214671 0.0012096551575651 0.00152858554898464 0.000471746615033624 0.000830057721129654 0.000531578672435616 0.00207154125924326 0.00100777518076021 0.000815341917783829 0.000767512251603815 0.00104418551087926 0.000938515413219328 0.00097041345595691 0.000854300139601173 0.0012299006700032 0.000964866391612184 0.000898653698085667 0.00098029837878462 0.00169364580763815 0.000700035788884098 0.000976337542393908 0.000822924249602565 0.0010278396836888 0.00146315729715133 0.000936365769260514 0.00127787603526029 0.000925136432220151 0.00255704779015388 0.000991741387695247 0.000713970448296604 0.000764529561979315 0.00108961507625927 0.0015490709945329 0.000898810420356781 0.0010942379081229 0.000967388378106023 0.00164755909323428 0.00134233594748531 0.000623028324756108 0.00124921764093097
0.00153544827018902 0.00100901768218036 0.000985188414395915 0.00116943634960983 0.000991060972880345 0.00152634936412408 0.000491930080234395 0.00144126189780132 0.000878894604253891 0.000783287884823667 0.00128046407474269 0.00209324250219114 0.00132964266030737 0.000884150081120327 0.00130211530407572 0.000766219317770245 0.000851089393684802 0.00215721553433452 0.000522073063915896 0.000729035129714095 0.000905230663632152 0.00130035675719697 0.00118149336446421 0.000957022840636715 0.000831299537759973 0.000962526725768188 0.000684654281285673 0.000982659601092179 0.0004313671194712 0.00120301239218912 0.000872306347948046 0.00102220753513645 0.00119622542165454 0.000673129563861183 0.000589091138454218 0.00129425207317302 0.00157165244875736 0.00143234025184921 0.00128704624889138 0.00111327502707762 0.000812205226072718 0.00091893673638122 0.00130104478303742 0.00110636893618937 0.000440460755622306 0.00116178748500207 0.00116687821232141 0.00056840521750075 0.000649726023219514 0.00135371943241273 0.000974139144645214 0.000828971836237873 0.000992028383300342 0.0015947529218524 0.000992496923971552 0.000765282566659641 0.00112597317814694 0.000985679883565097 0.00127691383219433 0.00113921994420322 0.00146822172013373 0.00104446403943472 0.00119701870852205 0.000942215170735106 0.00148705188295822 0.000754884681158466 0.00110290107929928 0.000629636828816721 0.000880383101266935 0.00100535478107505 0.000809471663596979 0.00117137985239047 0.00116126717506099 0.0011127153518578 0.00136156596216798 0.00129080195348265 0.000950551946454183 0.000954374809652518 0.000601071829408808 0.00083863830366438
0.000906356478904799 0.000919292080545378 0.00158474465760207 0.00102201248990774 0.00106264637026051 0.000841713155909256 0.001196081523511 0.000897278068058997 0.000705027691030127 0.000642368107725677 0.00127696288095799 0.00132964266030737 0.00177295194633426 0.000619766523152644 0.000767796159824269 0.000750858637596586 0.00143314200819067 0.00105397036468467 0.000867492576732204 0.00119171442977414 0.000592650452056556 0.000653136077702625 0.000890146979151292 0.000891607068335441 0.00139682730602893 0.00152838090441212 0.00135634470820244 0.000676913686824925 0.000984083314279752 0.00126944053679139 0.000556551322604848 0.000891682178975885 0.00133146887429299 0.00166617177449042 0.000631662715352034 0.00145135705132275 0.00112061595553226 0.00112536915946058 0.000846827267381083 0.00184410151413063 0.000948828106512803 0.000780003916812015 0.00134563682254104 0.00144799822030971 0.000943790622465084 0.000610376256808672 0.000755925081547296 0.0011529953030321 0.00083892529460052 0.000731297873800794 0.00088770901814217 0.00141828148888954 0.00227474047055352 0.00237616157873932 0.000909714003216887 0.000817077597038945 0.000835008322989395 0.00112552268084955 0.00121884989033332 0.000822073718635665 0.00118892571877077 0.000591457951838173 0.000990524672322745 0.00120774720553668 0.00120708089327078 0.00105091917016319 0.001044916862652 0.00107691916620562 0.000592830887577444 0.000989714723753084 0.00147231864575345 0.000610130135963983 0.00114457475931574 0.000718916263782158 0.000782444385303941 0.00117846945291985 0.000991939529962107 0.001078826861458 0.000944920106969614 0.000841693804426092
0.000916059457546059 0.00122985427753575 0.00154986515209726 0.00129414250922224 0.000807602046289417 0.000581998337673427 0.00155464369316088 0.000658837585411318 0.00095617568140883 0.000772340902038762 0.000504088937573202 0.000884150081120327 0.000619766523152644 0.00171051393532533 0.00138392658488395 0.00105298906080547 0.00129647887838669 0.0012755707056298 0.000527762460255843 0.00124070932052867 0.00157423613353424 0.000886041182563624 0.00101762647279619 0.000708951653408987 0.00174179411746341 0.000866285985541895 0.000869477935887895 0.000623290113205114 0.00125257752428939 0.001248072555385 0.00112653514893575 0.000791958856388086 0.000820087907123574 0.00173791720576338 0.00128172085980313 0.00108514051582451 0.00063759018329118 0.000972296470082959 0.000900398654468098 0.00173913055464895 0.00121323158188046 0.00175236407148838 0.000903339423960635 0.00155444996791686 0.00142885589567855 0.00100772896573305 0.000615007492450405 0.00114864786829454 0.00109849673248779 0.000779401308388185 0.000894659039501727 0.000778443511292034 0.00133433646400258 0.00149099514259228 0.00139050404232736 0.00111574706449281 0.00152766575114156 0.00170984842458963 0.000687435049478112 0.000993695394180132 0.00112553252990727 0.00121027308850117 0.00114629397496165 0.00079053780340186 0.00111116255949602 0.00111176255286994 0.00102070404729442 0.00181255311912004 0.000981723155529642 0.0013607482896055 0.00138782267219587 0.00107222228239958 0.000377735369142566 0.000704174109805643 0.000781049700697191 0.0017056601550483 0.00113304553713878 0.00121321238590487 0.000898201153077681 0.000791283276435593
0.00094266248232579 0.000965145688311837 0.000851767802560268 0.000919159538739212 0.000888027553013356 0.000973756753905767 0.000799914031952756 0.000550675221858331 0.000890677832960466 0.000961088828243382 0.000505974305981655 0.00130211530407572 0.000767796159824269 0.00138392658488395 0.00282998253242423 0.00202746063892988 0.000981924844337484 0.000987283940448009 0.000981141221385091 0.000809621710822973 0.00093950983166965 0.000996512145128992 0.000747489182950115 0.00124312748932595 0.000807403081085612 0.000634888619222538 0.00128922638709407 0.00270933776724333 0.00262068880348926 0.000707626809109751 0.000844730817700752 0.000924098495673262 0.00112060839027888 0.00150424211958965 0.0016045733424539 0.000794290952188786 0.000766342832275369 0.00101638715759285 0.00298104447257581 0.00090513956598446 0.000844756563004174 0.00125077201366218 0.00126010082755383 0.00107696083034883 0.00134057241404673 0.000794533835098548 0.00104234824742645 0.0014972374248504 0.000820812570343008 0.000626848343200734 0.00111623428848387 0.000814448100821665 0.00104568058997718 0.000449549315218966 0.0011221427467335 0.00124151553251763 0.000913140654022383 0.0011183155941511 0.00137463754496232 0.00139050729056411 0.0013988921988707 0.00120514810708814 0.00127458232136977 0.000642013355779235 0.000746855546323148 0.00138834692393168 0.00117131911137079 0.000847195005337205 0.000921593408264566 0.00135127010698155 0.00196423374105882 0.000872034006877854 0.00144750092871715 0.000934406604103469 0.00172702599263934 0.00101629362472072 0.0010084293707381 0.001034253064822 0.000698828548836557 0.000957034530200331
0.000967020134598132 0.000598406736637057 0.000595317788446219 0.00175695036109644 0.00150041656079222 0.00159528750042871 0.00163881092788005 0.000535120676541283 0.000828992967536112 0.000957481647116248 0.00200756747753735 0.000766219317770245 0.000750858637596586 0.00105298906080547 0.00202746063892988 0.00164632743490183 0.000963227723827531 0.0013809842033985 0.00149172573004879 0.000937204086671614 0.000813251424715845 0.00161357665646963 0.00110699462146788 0.00157181436835658 0.00102291874080723 0.00108049415353112 0.000763581248247818 0.00116674289111619 0.00128565648306343 0.000547384154594339 0.00131947747042168 0.000686919767957069 0.000921344943099195 0.00135975195051042 0.00121450048466664 0.00108382009522653 0.000843344859142084 0.00137095715444653 0.00122903841138534 0.00141678978811907 0.000920973169084394 0.000797621933396818 0.00121481678597678 0.00127272694611728 0.00157246871020001 0.00142191323477362 0.00165721420397249 0.000669593390591711 0.000841635519928035 0.000789269431994667 0.000723489966765218 0.00113126595929401 0.000792840879674433 0.00100243560840485 0.000469659775492189 0.000524776596700475 0.00102372851779131 0.00107384084482903 0.00120758470845653 0.00159963409574352 0.00115839844036719 0.00108106688449387 0.000952492737662176 0.000729281863084192 0.000745273111836815 0.00131693057815808 0.000959126390330046 0.00181039479702617 0.00218124346268279 0.00113644781219175 0.00111866300119718 0.000986760082840711 0.000873212059333529 0.00165112389385936 0.000912581502318128 0.00160648135299527 0.000854218211308525 0.00152916068984531 0.000865940857247833 0.00135169350418775
0.00125621022422847 0.000865956245148314 0.00113860899083481 0.000685709531565802 0.000782551417657291 0.00109700425039663 0.000694884918190329 0.000414798622349789 0.00124632271911432 0.000810344187781982 0.000911583664875205 0.000851089393684802 0.00143314200819067 0.00129647887838669 0.000981924844337484 0.000963227723827531 0.00224164613426106 0.0011588873362246 0.00121557516360352 0.000427408015636679 0.000964662335410768 0.00103362544118042 0.000693463408289252 0.0013440977434173 0.00124783316558291 0.00170830066900967 0.000712008560722933 0.00118107298622735 0.00126732147518815 0.00164695652102723 0.00112133750498516 0.00048127484853972 0.000729470328425367 0.000781879982573019 0.000550069769890993 0.000877135181174326 0.00065602134902543 0.000864377699511091 0.000599868687035642 0.00104812300706269 0.000800267690760833 0.00110228626135223 0.000739587320892382 0.00103066509620725 0.000930104223307562 0.000983472190373241 0.000989075997756047 0.00115574609496294 0.000640090121338032 0.00105431531630647 0.00151450970770628 0.00137014487858563 0.00139167196955459 0.00101897090139577 0.00100102786930944 0.00174361899669369 0.00130240915931087 0.000867314189924467 0.00087095174861343 0.00096584581498301 0.000425150722350257 0.000931076673930385 0.000982292520338693 0.000864180441402431 0.00133945349523535 0.00220673403748734 0.000907327763514237 0.000886144487769646 0.000842578968025026 0.00120470847003163 0.000998449781258412 0.001019655899243 0.00131929194359637 0.000993247588542909 0.000653263158247215 0.00105494348551351 0.000827868753669723 0.000870453451914584 0.00102695587044034 0.00102360019874972
0.000944868800115257 0.000590000422584382 0.000558995424055866 0.00119344910831017 0.000862807910664717 0.00090110470637276 0.000963274932015867 0.00137069595675445 0.0011041337194238 0.00178834271723781 0.000850776211238844 0.00215721553433452 0.00105397036468467 0.0012755707056298 0.000987283940448009 0.0013809842033985 0.0011588873362246 0.0018705359860618 0.000544932923882077 0.00114149970626758 0.000448065029637448 0.00086292242738017 0.00103552628647343 0.000632037428458276 0.00223558397335387 0.00127437539942463 0.00116351863140499 0.0013004083168476 0.000887209591400649 0.000882750245189191 0.00130073293152276 0.000941872579215595 0.00198959846201813 0.000966871457944178 0.00084250180523657 0.000929361880167086 0.000599536892187529 0.000750275076640714 0.00081060686626131 0.00154937679332434 0.00126159423152503 0.00109036615430395 0.0010323886108161 0.00115212046559319 0.00175523193176166 0.00077283816786481 0.00141821194369269 0.000762907534505019 0.000890689863638927 0.00102775086227216 0.00130170712391515 0.000999214224803857 0.000698464257503175 0.000766321514001322 0.00115374002098994 0.00078338225111529 0.00138777614271788 0.00118377563340033 0.00107024859839299 0.00102451732469455 0.000887241493089223 0.000796994870942934 0.000923307564692508 0.000564003332561375 0.000808874547025962 0.000744353728696999 0.0013561369980474 0.00110844403718446 0.000750754016776568 0.000935180684697914 0.00110891963022631 0.000587595712421784 0.00138486205470006 0.00132439006448541 0.00140858692908092 0.000794203658777733 0.001333502566187 0.00120252448542746 0.000846432933798369 0.00102379816404424
0.00191313219342363 0.000828049886595825 0.000974367256001566 0.00110961538422801 0.000968948895147397 0.00117845782368815 0.000828169012282908 0.00121261390572677 0.00057150343937483 0.000587988300680778 0.000651600269680763 0.000522073063915896 0.000867492576732204 0.000527762460255843 0.000981141221385091 0.00149172573004879 0.00121557516360352 0.000544932923882077 0.00248773982369751 0.00059750910196311 0.00111769631564223 0.00150200421828937 0.00145295894678062 0.000746623772303395 0.00110655704319437 0.00166899322871086 0.000877876476553099 0.00126499629718364 0.000805650070916161 0.00119077354665304 0.0011826242932682 0.000901440640627004 0.000813959902460093 0.00227190702372083 0.00081071940635405 0.00122339102539681 0.00122488507842159 0.00104937550358064 0.00148265945933202 0.00053872938465379 0.000853517742659764 0.000823481504487165 0.000619869288159332 0.0011410768345698 0.00116947110656119 0.000693730927215438 0.00122788721660625 0.00106513288731364 0.00148749818152377 0.00113751388457124 0.000657169071067821 0.00190600847707257 0.000935034748343956 0.000962080230033494 0.00148665601734449 0.000996568130686017 0.00108573808632281 0.00105039395438931 0.00120979138475812 0.00123347531679192 0.000960608317084379 0.00142224169032899 0.000534038784110904 0.00039492132380799 0.00111622299847497 0.0012945430972227 0.000445161933360891 0.000679746377448163 0.000908802598865959 0.000755465585021624 0.000926631784236196 0.00151607132634693 0.000990616165044881 0.000728615118527206 0.00150821186287204 0.0012365805704218 0.000790867708136943 0.000456787332222944 0.000874680470655287 0.00107023012890083
0.00128071107226609 0.000779967773085118 0.00161823591271065 0.000884746708511976 0.00086083037720036 0.000932004712588748 0.000936732292981193 0.00104546471712589 0.00090947036019358 0.000676939667470396 0.00195420897100605 0.000729035129714095 0.00119171442977414 0.00124070932052867 0.000809621710822973 0.000937204086671614 0.000427408015636679 0.00114149970626758 0.00059750910196311 0.00213347337424663 0.00102447992883057 0.000660220045925407 0.00138080819950338 0.00115237330203573 0.00115239777710529 0.00135162191771168 0.0010573981714009 0.000928350236263142 0.00121299621141069 0.000890444677163939 0.000710397929586678 0.000839458560945003 0.000900368767132532 0.000876740998460665 0.00141626295990112 0.0011464026378869 0.000837870186974065 0.00100400219008636 0.00192307677325177 0.00128126547381954 0.00123357860730924 0.000875035140782645 0.000935202605947444 0.000701252651705661 0.00104670389173356 0.000955323441325969 0.000692080642646558 0.00126368644494769 0.000637615433375112 0.00100419931798405 0.000753159968742565 0.000690044239422139 0.00136427988706279 0.00110298966059358 0.000805673407674352 0.00109214568989379 0.00150234451236029 0.0011526015589947 0.000963371246372596 0.0013974069978229 0.00089271033005245 0.000481526122511855 0.0010535013692043 0.00104827684934652 0.000800293079262821 0.000551023574054353 0.0010018535952684 0.0011998068753804 0.0013150225040301 0.0010875887387392 0.000637215098246575 0.000423829874190782 0.000812900921747611 0.000616015633344321 0.00118920187041205 0.000493379496983098 0.00113978359175115 0.00089361325001425 0.000855846236385993 0.000705731138489348
0.000810879885513163 0.000776838840546627 0.000571865657620597 0.00139992428590769 0.000910515453014152 0.00115413442291511 0.000956397620251145 0.00115042565911351 0.00146236041608976 0.0011820757826205 0.00128736751691685 0.000905230663632152 0.000592650452056556 0.00157423613353424 0.00093950983166965 0.000813251424715845 0.000964662335410768 0.000448065029637448 0.00111769631564223 0.00102447992883057 0.00181222856810871 0.00063030414873681 0.000948238322704345 0.00131551618082613 0.00115373847389616 0.00138296267759464 0.00143581411597582 0.000854740370992701 0.00126473025331388 0.00160763548183781 0.00180096779082782 0.000992998826757481 0.00107746209249108 0.000821963710304933 0.00105218107104184 0.00117395425049371 0.000866868154859539 0.00135396205987904 0.00110382923329441 0.00102475848724126 0.000781430821815784 0.0010423436067573 0.000895769427027154 0.0012630974244108 0.00106515609122178 0.000939750020975833 0.000790265073341074 0.00120451016464695 0.000890106247774753 0.000929208063854737 0.00151536299782294 0.000680543570179026 0.00116552434841608 0.000892794699150289 0.00173905627048009 0.00114529621344609 0.000723733950614654 0.00138447215934385 0.00110456276824357 0.00124385737705206 0.00113847051444316 0.000680525704424357 0.000857089891289011 0.00122075969578838 0.00067334388298949 0.000845019795505088 0.000516918558479427 0.00104224298377231 0.00116818463828306 0.00059536018908825 0.000579696912600476 0.000609313673831597 0.000720116445994157 0.000590768656353541 0.00115917176977234 0.00141670871573863 0.00173527914928045 0.000782917564988629 0.00139428402919738 0.000872242509115168
0.000864664187572338 0.00201725591140064 0.00103082424409315 0.000770560026594335 0.000974178154697549 0.00077289077637309 0.00106359509295983 0.000894809954086022 0.00132109173176878 0.000844448566351304 0.00100870335476672 0.00130035675719697 0.000653136077702625 0.000886041182563624 0.000996512145128992 0.00161357665646963 0.00103362544118042 0.00086292242738017 0.00150200421828937 0.000660220045925407 0.00063030414873681 0.00167898299951025 0.00107536852711413 0.00102515648520825 0.000887725140805627 0.000745558401058838 0.00074885527890886 0.000939493096774803 0.000624663653376248 0.000946482379277185 0.00117110743277816 0.00093525010664694 0.000814301777879403 0.00101031884141248 0.00118369125696086 0.00142426837500243 0.000674086542514258 0.00109877317920391 0.000852630588196456 0.000985406238498085 0.00156364399823581 0.000884164691383288 0.000714554755927837 0.000651806720676159 0.000772326974546466 0.00100665302877023 0.00176917661577186 0.000711370404369629 0.000929790540226065 0.00124799880721429 0.000995315364440472 0.00148143756626544 0.000694777019933084 0.00104948247092205 0.000867907840063569 0.00130577246482182 0.00125644355666341 0.000823594282104174 0.000679252274678851 0.000734337648770238 0.00072471055207563 0.00086640822002039 0.000695001750098718 0.000787285715650079 0.000847861705286154 0.000862969419041012 0.00058757570293449 0.00100071571255632 0.00151271388969221 0.000791263842107128 0.00069686667550825 0.000806594831069006 0.00124981213467909 0.000662809182289699 0.00122369984091422 0.00116067939202903 0.0012584492097516 0.00149537777577923 0.00119907133184595 0.000708197104993588
0.00125552365282712 0.000696372459615718 0.000834844907835196 0.000748006431064055 0.00129595231727511 0.00167747840555555 0.000543626302590248 0.000886775731020267 0.00126911859803578 0.000871439966098211 0.000993697856132569 0.00118149336446421 0.000890146979151292 0.00101762647279619 0.000747489182950115 0.00110699462146788 0.000693463408289252 0.00103552628647343 0.00145295894678062 0.00138080819950338 0.000948238322704345 0.00107536852711413 0.00243347742117135 0.000980043711734224 0.000562561002227994 0.000858781317691888 0.000874122161550816 0.000468117832080534 0.000800261225532777 0.00101870867326953 0.00125716950606717 0.000792906890124267 0.000761688997317896 0.00106103745524513 0.000721007129572105 0.000866790621137222 0.000687950174203307 0.000699043310307443 0.000936394989277089 0.000843352359541396 0.000620821634740969 0.000834763440512503 0.000728460246158644 0.000723990380085533 0.00121449415048622 0.00116069347433757 0.000830130993550439 0.00112097667424908 0.000982643123686081 0.00132139498653038 0.00142457159843581 0.000882096811960608 0.00170340787049567 0.0011000610882107 0.00118269749000429 0.000479898476388414 0.00116038601782867 0.000754141534342123 0.00151841447439739 0.00107785695751707 0.00108845783005055 0.00094619697699469 0.000763318452064647 0.000868736191378588 0.0015212586663559 0.00120288462467482 0.00105811981996444 0.00169559813359634 0.000806940384377162 0.00146798772410132 0.0010035099953529 0.00177222661000361 0.000552338191031767 0.000787002138462614 0.000664519375412734 0.00126757869320609 0.00105112766808718 0.00160181389740823 0.00078689840520903 0.00078202446797161
0.00130662028625007 0.00113718553219467 0.00096750304000476 0.000724461576548679 0.00071014022082335 0.00073990797491428 0.000875995612466267 0.000720736290250552 0.00107311357374149 0.00124254217750545 0.000810161303218736 0.000957022840636715 0.000891607068335441 0.000708951653408987 0.00124312748932595 0.00157181436835658 0.0013440977434173 0.000632037428458276 0.000746623772303395 0.00115237330203573 0.00131551618082613 0.00102515648520825 0.000980043711734224 0.00211884247524785 0.000611982663490526 0.000984642064849111 0.000613297190928197 0.00143348051837785 0.000738225602350815 0.00122006174505334 0.00212916968082497 0.00106623639800967 0.001189473963568 0.00121812288502089 0.00206391913279657 0.000790544380299343 0.000931564720336604 0.000742381081593867 0.00105289015297515 0.00134149542615137 0.000954625967672908 0.000768972444969071 0.00119382115669268 0.000824105155729656 0.00107275491719896 0.00149306008546277 0.000927772526625054 0.00129033356976347 0.000870245622545242 0.00191616628372853 0.00128122587443865 0.0011235760385663 0.00136185828206127 0.00113196762958135 0.00138703347116907 0.000447568182641261 0.00127606630328223 0.000881786540377469 0.000689296680949178 0.000801295633451692 0.000947927996274485 0.000693055511791572 0.00109708309446684 0.000735868360298331 0.00233484571056591 0.00117756318420793 0.00122131527158909 0.000604851259614168 0.00125295329321173 0.000877327571507022 0.000983910458374745 0.001273426532553 0.000808032379263952 0.00113178672472564 0.000692377749604531 0.000791948396789255 0.001067152557961 0.00126324018560964 0.0008491378406635 0.00106882604451445
