0.00228860122959263 0.00139128790711229 0.000551239449254752 0.000756020366498119 0.000759373842383086 0.000717227307241382 0.00130093455170328 0.000719274650810074 0.000770994000115381 0.000570702920012115 0.00109669138181214 0.00152642757850864 0.000926711737274539 0.00183106961566022 0.00115873500161177 0.000776538035285094 0.000902295848775572 0.00182039605363917 0.000761037192970781 0.00124958270845405 0.00125476247758535 0.00103655890966766 0.00109545757432386 0.00132024391270384 0.00142297957174739 0.00101343756397063 0.000879753374086847 0.00175428206419051 0.00113028070827465 0.00159251229222897 0.000845366018398095 0.000793097570316422 0.00137551419948294 0.00115577180569694 0.000962041902431606 0.00099245658287338 0.000616797589341698 0.00107423412344322 0.000959684364381373 0.002708154168101 0.000504477098279919 0.000869327964483834 0.00131689758745596 0.00105429843291603 0.00127154325125265 0.000797030768684174 0.00104690476027241 0.001086413983524 0.00115050966024442 0.00116298218885983 0.000819369695966659 0.000770428408804753 0.000938476463714582 0.000894734211665633 0.000834619598925792 0.00106400736619616 0.000981927214134422 0.00138528562462604 0.000844657807363735 0.000783743811959021 0.000852374567614279 0.000900964179490358 0.000946677841740222 0.000987602948832939 0.00130831709391279 0.000897235131462586 0.000828430483657896 0.00234473431414586 0.00126323402527954 0.000792892219573688 0.00133693097061426 0.000735545956884275 0.00100103367714695 0.000775658651096417 0.00112730761791133 0.00128539202770208 0.000668315821420163 0.00113550900140153 0.00125215470660649 0.000909357405580978
0.00139128790711229 0.00203817987353867 0.00158677467387215 0.00109947651304121 0.00161339128199704 0.0010953223832536 0.000335513182704435 0.000933104046515546 0.000615638524079029 0.0012186302624699 0.000846056726384264 0.00068649473523295 0.000787527763556865 0.00102357286799804 0.001530789613399 0.00115555074966462 0.000586156544273086 0.001367098843423 0.00113098961699501 0.00217498819193886 0.00117340718999659 0.00109567923440857 0.000699073875572037 0.00113458187049354 0.000881873750566551 0.00103587372426015 0.00117034864576955 0.000639980883024687 0.000825955209220137 0.000955021752758977 0.000920176516977081 0.00125292587499066 0.00100244750213272 0.000731718710205238 0.00109549865449734 0.00148212104666742 0.000848257932863423 0.000748729550112905 0.00117637039487624 0.000736355541513502 0.00102904938355784 0.00132399798284435 0.000884446962522066 0.00117257781107358 0.00195391199382459 0.001612778623081 0.000846020156923281 0.00106012123195906 0.00120084815131668 0.000851064834177899 0.00148331980012686 0.000986595903239872 0.000905227453664277 0.00123152888797128 0.00118152127642674 0.00136032092088511 0.000852274965022623 0.000818610075070532 0.00100202081832786 0.000651232190961453 0.00106466339058286 0.00108696312760602 0.000974409977460276 0.000766503360743029 0.00138208712993677 0.00117786444618874 0.00121758347518566 0.00104298962097865 0.00035534532122374 0.000735697939366061 0.00116845384486218 0.000760096275580519 0.00094523805140117 0.000807161316239896 0.00116746046335196 0.000741157438954708 0.00107474398028042 0.0011554676886158 0.000597256880822644 0.00144102339287815
0.000551239449254752 0.00158677467387215 0.00330354837528801 0.000720657250711239 0.000844046737017566 0.000867858068886441 0.00102300658316891 0.000954356448520718 0.00105269572533628 0.000864846938105159 0.000844912858687185 0.000970617812021899 0.00090741106134416 0.000648838634406969 0.000660761254915522 0.00102658889969749 0.000552866121524699 0.000881456329775723 0.00110384356079719 0.00120240012146663 0.00095326063799434 0.000801312413520688 0.00108560006684712 0.000758619570657474 0.00116789846008303 0.00124023273486399 0.00098934298965998 0.000818138196182162 0.00180250520992367 0.000621006361423885 0.00110524261616102 0.00083361825239534 0.00194427152767041 0.00107469379938521 0.00113032817901812 0.00105032002279298 0.00106359452013987 0.00100276682586689 0.00173854831732926 0.000869585988965281 0.00102591807915562 0.000864546917891262 0.000744393327624867 0.00135124096203357 0.00119611989506049 0.00106201435215623 0.00218849233278408 0.000761054273504618 0.00112514476736623 0.00104472668020016 0.000920613745446526 0.000894619935501344 0.00100110585603431 0.000827141436347834 0.000440471321523643 0.00133297010462051 0.000804511310098723 0.00113330904139944 0.00112510248958474 0.00109972024684496 0.00124761993580326 0.000442207062022012 0.00144563382292432 0.000670956643154667 0.000836932019897205 0.00103938403597007 0.00194445037801468 0.00106014847216329 0.000966473482332812 0.00112702168069371 0.0011820311776242 0.000782494327906533 0.000894192726017462 0.00111731678997072 0.000763945243955324 0.00098496461078238 0.00111404969982315 0.000860014266644338 0.0011902686127093 0.000754281883595849
0.000756020366498119 0.00109947651304121 0.000720657250711239 0.00196783587054352 0.00107744240762082 0.00117669694977249 0.000869967778897064 0.00075527052254109 0.00157739203407874 0.000959353026216811 0.000667378010022131 0.00107482434843653 0.000591804641909437 0.000824416309046399 0.00141087762590785 0.000874022647780366 0.000947485530685724 0.000621004005773763 0.00107193159455826 0.000968205759601166 0.000820029466173127 0.000702777350219188 0.00114852105831108 0.000974846122669227 0.000961398090179164 0.000910907525548199 0.00123125788034493 0.00156006557034662 0.00124556851268003 0.00143550356387533 0.00148506549198255 0.00138168755729282 0.00105841022036202 0.000816230498698723 0.00113439534317524 0.000745292448411823 0.00106386432181099 0.00103899879625614 0.000708190668600149 0.00113554142060933 0.00140229742398722 0.000758629038539234 0.000637866393137048 0.000757945158670413 0.00115204825941035 0.00101691746562283 0.00063669791989689 0.000855357564094572 0.00153234704511436 0.000769900132639946 0.000994176351551115 0.000606644227371053 0.00112617488760558 0.000862108601737718 0.00105044752398741 0.00173110831573395 0.00113831424716642 0.000570988445550257 0.00119946869596916 0.00128394005989368 0.0018913523657803 0.00126448767289251 0.0010120540730338 0.000745628388811556 0.000721790480501294 0.00141207183325344 0.000960707104122857 0.00103884405230547 0.000836385064237224 0.000767383258849568 0.00059347736182922 0.00140170429639291 0.000919140680971889 0.00110434221240014 0.00142448310326069 0.000714874788563901 0.0016222122138919 0.000748832566253102 0.00130276195976236 0.0010808153486726
0.000759373842383086 0.00161339128199704 0.000844046737017566 0.00107744240762082 0.0016237827054253 0.000760573769803283 0.000737362130413945 0.00153666612950634 0.000722951677389867 0.000902131165160681 0.00104933792913392 0.000698915952140609 0.0016008199309886 0.000842549977930686 0.000876815222134757 0.000806331751486083 0.00128359431874894 0.000794651582077911 0.00206321389140776 0.00107032563209857 0.000876562371592847 0.000738631381793197 0.00131250827414191 0.00158262103659053 0.00111083389737642 0.0017161612806984 0.00122739370605219 0.00122484185325303 0.00123546624833376 0.00119961052539407 0.00176889850476275 0.00134468956205161 0.000867965990635477 0.00123555814390257 0.000791526955024101 0.000414072113038916 0.000806171382076519 0.000969833071644149 0.00086939618842082 0.000954711179869806 0.000798661810542414 0.00102115182428791 0.000953174580963217 0.00127628928747634 0.000741915761234052 0.00110917319850202 0.00158022044433728 0.00139174878257941 0.00131603925958786 0.00100697284473661 0.00111717273495455 0.00191018215167191 0.00131462652407318 0.000704207890482138 0.00126798530911422 0.00104484462400887 0.000813479292839424 0.00118237193275186 0.00168936622237821 0.00103300279231143 0.00118411107985227 0.000860216347373786 0.00151341325913465 0.00106664087459644 0.00148243330428233 0.00116347285976594 0.00110770236016551 0.000585788523293748 0.00115167749852321 0.00128374090914409 0.000861599197654676 0.000610282669681601 0.000990249699747519 0.000720556666782331 0.000796249052879325 0.0010379050941359 0.000857345715194956 0.000678802884071641 0.00104750993501872 0.00165520974446566
0.000717227307241382 0.0010953223832536 0.000867858068886441 0.00117669694977249 0.000760573769803283 0.00167106280866055 0.000546423461615646 0.00113560186353503 0.000709184327621504 0.00051846861262362 0.000700099448677561 0.000708106269233405 0.00184796786912299 0.00174343102595179 0.000891848921765152 0.00102780218035432 0.000726579102249377 0.000877284073302513 0.0015704270241991 0.00099260375314874 0.00101422592751823 0.000787047860101505 0.000985584812888576 0.0010228340815527 0.000515079683756604 0.0011020809213844 0.000675465795160402 0.000798533369583807 0.00175530669293646 0.000814610194324648 0.000741172364468146 0.00127330562417526 0.00080243373015741 0.00130747847338448 0.00075135102959015 0.0011207277806812 0.000857860365482867 0.00178780428301419 0.00101871572983411 0.000578109513970388 0.00103677459086552 0.00167272056042079 0.000634417820862228 0.000845600064382287 0.000815324719823119 0.000984035308338206 0.000381632629342845 0.00150630144528498 0.00108363368885632 0.00147579972116205 0.000660423757744321 0.000852602130572202 0.0010641194069178 0.000517439702492146 0.00136396600519012 0.001038560598964 0.000730931311128661 0.000913866729934349 0.001632423972965 0.00173821960741655 0.000767248416360541 0.00180281503715878 0.0015863571740766 0.00107071377163911 0.00138168687745732 0.00104362480854871 0.000991724081905212 0.000946504109431803 0.00154275508535291 0.000451497559692627 0.000789658766253874 0.000802977846467353 0.00164212148636897 0.00117048947094371 0.0011990792918676 0.000772113331672818 0.0012038508343845 0.00129552323097279 0.00219668639012749 0.00113477064972068
0.00130093455170328 0.000335513182704435 0.00102300658316891 0.000869967778897064 0.000737362130413945 0.000546423461615646 0.00209123595193902 0.00111094508151763 0.00173426726329004 0.00135849159221959 0.000705157807239658 0.00126753503166329 0.00119951617511072 0.000766447315468915 0.000765240525377545 0.00120585773067548 0.00152865035487257 0.00106566292347172 0.000995523153738789 0.00145611270333471 0.000888497254252472 0.00113958494132254 0.00184444237784698 0.000963183386249296 0.000979048887670543 0.000810232247040253 0.000848800008553727 0.00104715807553115 0.000819411473211025 0.00113593504932118 0.00124649543642813 0.00100792594183866 0.000643511637722069 0.00115698340091025 0.0012688636058325 0.000616537919400368 0.000836300943519902 0.000980258083350953 0.00142823415382607 0.00116801589771887 0.001466262272072 0.000818669684766667 0.000691001229999717 0.00103444438718505 0.000777591991982601 0.000780562645874138 0.000919768297410235 0.00185447094231603 0.00157683047168814 0.00111160856071073 0.000850574367717853 0.00127518137871904 0.000591663622819692 0.000868994728645131 0.00176191663164978 0.00103116425712502 0.00096979668041922 0.000915497627783975 0.000708286193209456 0.00123305765107473 0.00086803340822835 0.00107503613099229 0.00182220046306688 0.000849910773874291 0.00103404635027256 0.00171793322875934 0.00091355384280979 0.00089325813942181 0.000782160123151816 0.00128098687498198 0.0010704565306029 0.00118927397041805 0.00174510555942405 0.0012155274713527 0.00102476627108665 0.00125426789838858 0.00071144308139961 0.00135892633182841 0.000918143810998976 0.00126284317891041
0.000719274650810074 0.000933104046515546 0.000954356448520718 0.00075527052254109 0.00153666612950634 0.00113560186353503 0.00111094508151763 0.00201947759620313 0.000798138615264785 0.00144007075054128 0.00112735244874759 0.00120747296993708 0.00128107124647532 0.000684164901433837 0.000510542323334208 0.0010546381944759 0.00111907959834714 0.000781736897948702 0.00172299250737963 0.000796613842817424 0.0016749218734913 0.000699857281964068 0.00153172482196073 0.00117157760446987 0.00118626550712692 0.000980999004495284 0.000980306418321313 0.00111322084632623 0.000633934830850337 0.000768115087934914 0.0019118778462167 0.000801443938762547 0.000626387015463916 0.00151718492658395 0.000882242400213003 0.000967260929897661 0.000860143683831364 0.00122963548869552 0.00070880067600571 0.00100497976255368 0.000780053505679818 0.00115087441248805 0.000588755529837482 0.000639650930150198 0.00197639151520382 0.00112282042053946 0.000926943277534312 0.00104942200731595 0.00142441162069119 0.000827229064650557 0.000901716484999931 0.000755463094485672 0.00127721345500815 0.000980239602236944 0.00180504599556514 0.000938880561397497 0.000992795137920571 0.00100714978159462 0.00130006577508896 0.000750081151824558 0.0013141482383784 0.000782569213709693 0.00103393672593711 0.00111563710718049 0.00145801636695805 0.0013192721713392 0.00150382842221917 0.000743852216321605 0.000780312224869354 0.0013586229381368 0.00164412331202169 0.000637136176391131 0.00125599426810442 0.000850868129082559 0.00121916322351709 0.00154632886587118 0.00158889727787661 0.00102436807306184 0.000808559246394486 0.00110222858892655
0.000770994000115381 0.000615638524079029 0.00105269572533628 0.00157739203407874 0.000722951677389867 0.000709184327621504 0.00173426726329004 0.000798138615264785 0.0020645883679345 0.00104268460793165 0.00111162899697644 0.000902824662002513 0.00121950396366077 0.00133979672175461 0.000916014356831145 0.000903408617541584 0.000682768815998093 0.00159893377923044 0.000531474147972981 0.000484478399934679 0.00143950949965536 0.000829161902106443 0.00133648918209309 0.000827828784140115 0.000725397891310265 0.00148957598487105 0.000645402532340272 0.000690465336021108 0.000841224191947465 0.00104474745640536 0.00114775108406588 0.000985857137469265 0.00121161079255967 0.00103885894237774 0.00144957560046291 0.00116348210359335 0.0011400504142545 0.000823994475747091 0.000613782970273341 0.00096912878222104 0.00133197499264129 0.00122315978016124 0.00101638696504692 0.0011473371036527 0.00182335044793169 0.00140821557894347 0.000744667394839844 0.00111319309107042 0.00100166817150144 0.000860508372770831 0.000686825518760696 0.00106049192093425 0.00134491033609473 0.000981303127130222 0.000837173390711902 0.00103492884644074 0.000978810625609128 0.00122472021270504 0.00112658353406018 0.00113321243922938 0.000869803773086891 0.000752732096897616 0.000812579586168007 0.00147632594877971 0.00099060258999261 0.000824423749134689 0.00108142617527386 0.000908559290524404 0.00109521986340135 0.000880403710726822 0.000643703538932947 0.000987012187281127 0.000732126364412155 0.00091469867652085 0.000942372354997989 0.00116508719014351 0.000739596807141075 0.00139448686276543 0.00271222463804932 0.00103807467200807
0.000570702920012115 0.0012186302624699 0.000864846938105159 0.000959353026216811 0.000902131165160681 0.00051846861262362 0.00135849159221959 0.00144007075054128 0.00104268460793165 0.00180871610043148 0.00124703597516417 0.000716539619770952 0.000775983781159804 0.00115073780146142 0.0012741671972352 0.000875371897292774 0.0021993830839149 0.00122072499046773 0.000923535416620448 0.000857129805237022 0.00109754847334761 0.00134227966947285 0.00100165725142542 0.00107201971822966 0.00159278975577721 0.000702106457231429 0.000775261515285784 0.00114535598156629 0.00080693599530292 0.00109837336093495 0.00144357948518943 0.00128124762434529 0.00151911340078196 0.00124800421226693 0.00102149465678543 0.000722644899951823 0.000785690992667339 0.0018802228444674 0.00134819231038121 0.00179070994105585 0.000673807607863158 0.00105682400658773 0.000735028742963449 0.000798029152344655 0.00131265839470327 0.00109116644103395 0.000673641626076407 0.00106921624825922 0.000490129107431138 0.00090989273601979 0.00108709304369627 0.000702459704107142 0.000840411486825449 0.000858404298739132 0.000580101642831817 0.00054864644866506 0.000807261684931568 0.000809275005818437 0.000863986617196163 0.000939721852934949 0.000851450143003729 0.00144054317467875 0.000913379153894972 0.000946930897309646 0.00102439336729837 0.00124257922180703 0.00126489662206503 0.000691592507760088 0.000948062173151287 0.000762909330809626 0.00107510433151204 0.000773924155141972 0.00104260418088936 0.00041893760941496 0.000923127164502585 0.000651963285140873 0.00118766598136229 0.000801950114561944 0.000742086765955794 0.000819289077528685
0.00109669138181214 0.000846056726384264 0.000844912858687185 0.000667378010022131 0.00104933792913392 0.000700099448677561 0.000705157807239658 0.00112735244874759 0.00111162899697644 0.00124703597516417 0.00219903733229688 0.00142659271110469 0.001226639756919 0.000575061571847179 0.000949113553005118 0.000724159448332133 0.000679727303549496 0.000874352890838789 0.00105397576031772 0.0013097222145981 0.000939026679549628 0.000994020112119236 0.00120225766398286 0.00174295879612682 0.000675844768792158 0.000691480732899882 0.00143422196773122 0.000732463882367507 0.00129852043514872 0.00108164328943156 0.00138782109819628 0.000546660227458668 0.00158928819117838 0.00092054513188534 0.000819853785950704 0.000891504402984276 0.00114797098266604 0.00102489884024278 0.00139290750593489 0.00104183480309719 0.000577588643619977 0.00129317437051856 0.000877932732617701 0.000800474016563969 0.00102263749726813 0.000874612831677856 0.000943125239835042 0.00084205985320069 0.00188981314081636 0.00118978393888503 0.000907540977631343 0.000442245151999255 0.000977974003830806 0.00129854857117816 0.00150220674834627 0.000904824791317223 0.000784800598545699 0.000771863226116828 0.00061921679572056 0.000897617891355513 0.000694823630785232 0.000845255806620865 0.0016223520989207 0.000641371948318087 0.000900289311677066 0.00144925356242039 0.000818127172948804 0.000917883268306215 0.000651942154690937 0.00115815729418868 0.000908833890326964 0.00186458070799495 0.00114403664880701 0.00125746458918518 0.000931331970592312 0.000717973854711469 0.00126067001404796 0.00083606769667644 0.00106533767007664 0.000888765777755122
0.00152642757850864 0.00068649473523295 0.000970617812021899 0.00107482434843653 0.000698915952140609 0.000708106269233405 0.00126753503166329 0.00120747296993708 0.000902824662002513 0.000716539619770952 0.00142659271110469 0.00182394311442441 0.00111897079863907 0.00089913400402873 0.000595575678046267 0.000776664708156892 0.00145663226334057 0.0011592587904267 0.000926139802724158 0.00100996101451239 0.000887602846224324 0.000805044831762101 0.000924577152873296 0.000746546586166107 0.000684694361849951 0.000581740848967488 0.000798760090300813 0.000810196598443999 0.000395328038035513 0.00109522412523819 0.00139735356254464 0.00118657691389167 0.000706087810770528 0.000562703592570627 0.000841741848494355 0.000931327029289164 0.000680716138455795 0.0006964811127503 0.0008037361341075 0.0010382125967891 0.000511679689363344 0.000638821342783165 0.00126906248607111 0.00112012026070935 0.00110290376485046 0.00091098654864935 0.000669836258050755 0.00152051006728662 0.00177866481456515 0.000840358316336674 0.000899278183925555 0.00131675607729358 0.000962513437065336 0.000922951395045522 0.00112581117937986 0.00135736879911131 0.000846217806220077 0.00087626275527139 0.00154975964746526 0.00164022715121224 0.00135106023628047 0.000844576163828517 0.00114881334880099 0.00144060444067774 0.000822668614423991 0.00108530738142082 0.000881220641426266 0.00147917302956891 0.00199688382345838 0.0009095138320378 0.000850286291383491 0.0010049800985531 0.00065366403735104 0.000421648750134166 0.000948546992421678 0.0021820248117238 0.00131637022653265 0.00100501729533507 0.00133633343419554 0.000872287306951777
0.000926711737274539 0.000787527763556865 0.00090741106134416 0.000591804641909437 0.0016008199309886 0.00184796786912299 0.00119951617511072 0.00128107124647532 0.00121950396366077 0.000775983781159804 0.001226639756919 0.00111897079863907 0.00129202243389724 0.000732223600138119 0.000768447874901539 0.000861170337905555 0.000719417115021939 0.0013953582678994 0.000624364366378166 0.000635567218622555 0.000651580495568888 0.00102252060016294 0.000747358459490849 0.00109431039843623 0.000824927109769191 0.000737270586451347 0.00123668186435808 0.000950417230779836 0.000494408126247531 0.00113758774936136 0.000869511668382646 0.000987848377803746 0.000848150933306428 0.000659438198281797 0.00108027895332436 0.000630799711930109 0.000939099015235607 0.000585147082835634 0.000956628136329137 0.000988753210585921 0.00111840372549747 0.00125974117401645 0.00085525737180192 0.00229846773849009 0.00155045354200636 0.0012416222676394 0.000851907380753953 0.00110850356724037 0.00145674913195519 0.0017260458389268 0.000879842543164167 0.000676857259999712 0.00089595841178646 0.00127362373178034 0.00113229072794662 0.00114790818230759 0.00177958875208213 0.00154697213983939 0.00143257623847392 0.000888151498338578 0.00185413894207375 0.00105198427936867 0.00163935503223892 0.00146504423237766 0.000643323076390974 0.00161746198939437 0.00133932001796445 0.00218012354717867 0.00127130729856382 0.000521469785284146 0.000901412097446624 0.00107459106136333 0.00112138261339899 0.000717886521250425 0.000918074341536658 0.00110155783622106 0.00148728101239534 0.00102708742390116 0.000894922937959092 0.00124669438350854
0.00183106961566022 0.00102357286799804 0.000648838634406969 0.000824416309046399 0.000842549977930686 0.00174343102595179 0.000766447315468915 0.000684164901433837 0.00133979672175461 0.00115073780146142 0.000575061571847179 0.00089913400402873 0.000732223600138119 0.00229838736217463 0.00122832929357724 0.000636261729848331 0.000631330697019504 0.00121958276477814 0.0011300192426947 0.00105204116008025 0.00145298448317327 0.00113865320724928 0.000815066734415628 0.00172133430311431 0.000739596034294686 0.00193221477223716 0.00158752561817361 0.00113497563191402 0.000887979356916195 0.00188371114187635 0.000932337211654853 0.000724615603207214 0.001466463117165 0.00135879270434055 0.00215929005525078 0.00081020361595423 0.000750549792044572 0.0010666676590163 0.00191966248812541 0.000619055263261308 0.000742514134572243 0.000747678159226448 0.000971167777364542 0.00131436110351266 0.00125418394092172 0.000560821494186685 0.00126556408942792 0.00121649410103007 0.00108012229499816 0.00145698679654233 0.000744008819266151 0.000470101191265742 0.00163792083800092 0.000856068087922478 0.00105633587953083 0.00078810135958429 0.00118928232637032 0.000613078699428029 0.000842212686065835 0.000767040684076319 0.000699528705027494 0.000973112288036304 0.000835967897919851 0.00143209717612376 0.00199552930119656 0.00123422719785125 0.000812087635752776 0.00222741513824916 0.000847546647712822 0.00104580238401127 0.000531288125123069 0.000694747840638363 0.00131060575222755 0.000521409033698936 0.000429316785054447 0.00124118355605366 0.00110286446196103 0.00106798721652715 0.000847595386606446 0.00131474638805704
0.00115873500161177 0.001530789613399 0.000660761254915522 0.00141087762590785 0.000876815222134757 0.000891848921765152 0.000765240525377545 0.000510542323334208 0.000916014356831145 0.0012741671972352 0.000949113553005118 0.000595575678046267 0.000768447874901539 0.00122832929357724 0.00197457633529772 0.000713985505245154 0.000595065536514065 0.00128381459796364 0.00143217114587275 0.00137000254000632 0.00129322213419626 0.00103190445774233 0.00216519272133527 0.000695380232547342 0.000783955809404652 0.000810762459607274 0.00109016015574199 0.00121026779031069 0.000969146271173682 0.000741713828218551 0.00126091902067065 0.00166999624383918 0.000692236610196603 0.000503820149394164 0.00179527613103764 0.000696654772482593 0.000725217399295732 0.000896862597874082 0.00116099777153905 0.000747237848988156 0.00109580423200672 0.000832449356181746 0.00215560860199975 0.000989221570188459 0.000906800062938491 0.000992516958853926 0.000790874982027275 0.000935347374639685 0.00123369273489324 0.000891973942803668 0.000677633579828636 0.000414654887913754 0.00085079677118629 0.00102411179415932 0.0010695194689044 0.000940180400758146 0.000497097535682017 0.00122466974805139 0.00115080704469409 0.00064528598423416 0.00117690281328781 0.00180527686660559 0.000957349325730104 0.00106429227714572 0.00106159559521146 0.000686043843927583 0.000748458770246699 0.000958894165025433 0.000608063534022576 0.000934242161867583 0.000849302851733973 0.0012979471311198 0.000746148580907715 0.00264342467515478 0.00155536580761343 0.000996056627788475 0.00078537921809205 0.000771146798931854 0.00111246427420854 0.00122408790292361
0.000776538035285094 0.00115555074966462 0.00102658889969749 0.000874022647780366 0.000806331751486083 0.00102780218035432 0.00120585773067548 0.0010546381944759 0.000903408617541584 0.000875371897292774 0.000724159448332133 0.000776664708156892 0.000861170337905555 0.000636261729848331 0.000713985505245154 0.0021715023927506 0.00149115462640653 0.000852174537307205 0.000534361003844978 0.00181489575018555 0.000845142993946906 0.000939609861094163 0.00150387554955717 0.00106899547433766 0.000910510314988487 0.000465516844960762 0.00133976389853337 0.00140976353478249 0.00111450728934252 0.000704928514414963 0.00100898572988447 0.0007920138239093 0.000947857830092372 0.000801331931718962 0.00132411698347528 0.000630900655946837 0.00111542285850946 0.000696181149799658 0.0016943363594213 0.00145030297285555 0.00105612050286661 0.000593265457258477 0.00137079617272208 0.000950327408090469 0.000892232564137603 0.000621680031201187 0.000799264337488634 0.00099941867737134 0.0010293516576273 0.000801607236615331 0.000772034205115697 0.000731921959233931 0.000665309902343261 0.000807369250797273 0.00138681690605641 0.000590561974476694 0.000742999018372868 0.000549230232434354 0.00103291625417209 0.000700434782627338 0.000839774501547845 0.000886935112881529 0.000909383604353467 0.00123553612547241 0.00125696924849453 0.00148294993255501 0.00100055825238184 0.00182682461121019 0.000860042022664565 0.00115547165907084 0.00110792909572314 0.000664987197865151 0.00102159159205328 0.0011050996524507 0.00136521717003482 0.00169783352508982 0.00074415661078961 0.000685647458136997 0.000697886652640141 0.00122516391999241
0.000902295848775572 0.000586156544273086 0.000552866121524699 0.000947485530685724 0.00128359431874894 0.000726579102249377 0.00152865035487257 0.00111907959834714 0.000682768815998093 0.0021993830839149 0.000679727303549496 0.00145663226334057 0.000719417115021939 0.000631330697019504 0.000595065536514065 0.00149115462640653 0.0019795456377761 0.00130807450008794 0.00179059757116864 0.00144958106869192 0.000862805764417584 0.000840659882480621 0.00107128677968706 0.000919843803875187 0.00123649589198481 0.00100471692404107 0.000661333931259965 0.00115822460483192 0.000734233148155853 0.000625784079597307 0.000909643440283023 0.00106495287439336 0.000569577310276396 0.00112807130135898 0.00096876769206798 0.000962984697391954 0.000724144096805106 0.0007861300631518 0.00096076893867103 0.000993847274649343 0.000678982615510318 0.00127998362426089 0.000648711639325024 0.00133153611562904 0.00113347254653867 0.0011540930646568 0.000938958038085988 0.00159359562476468 0.000862959798861606 0.000968443181598015 0.000969712228520454 0.000897332825200718 0.00115414808220427 0.000605374282486356 0.0010433914102473 0.00145881669595118 0.00129912326271079 0.000910361909652655 0.00079805322504091 0.000627363984466091 0.000964528262098465 0.00161641328611131 0.00103916960127579 0.00120494699790828 0.000856048040757807 0.000955315852255897 0.00116243500166207 0.00102829940831196 0.000743076433628293 0.0011157368520818 0.000891993972578325 0.00119924135853458 0.00156441783504955 0.000635060607474958 0.00233134407731598 0.00065476416590951 0.00131175936273096 0.000482776750967065 0.000788167223906313 0.00117404268348974
0.00182039605363917 0.001367098843423 0.000881456329775723 0.000621004005773763 0.000794651582077911 0.000877284073302513 0.00106566292347172 0.000781736897948702 0.00159893377923044 0.00122072499046773 0.000874352890838789 0.0011592587904267 0.0013953582678994 0.00121958276477814 0.00128381459796364 0.000852174537307205 0.00130807450008794 0.000871817239026417 0.000830204074677973 0.000852138584799003 0.00160007827954926 0.00139806191787063 0.00139925451880011 0.00132118897882962 0.000659784557984067 0.000692015174594583 0.00139063466045828 0.00167019883927875 0.000648711734707599 0.00112579469533666 0.00107674972250849 0.000920350113273814 0.00148135535144753 0.000712265734652578 0.000768813650414478 0.00146855355902726 0.000850730950492836 0.00121789013698909 0.00108890260377656 0.00146636248253738 0.00104703109173272 0.00195966911477279 0.0017510621493129 0.00143995229952446 0.00177515527300795 0.00120215375338011 0.00149678734610791 0.000937149150279602 0.00107843169204132 0.000886186796855374 0.000592530512745934 0.00111580131121019 0.000901525291840129 0.001097390743358 0.000879229635792535 0.00111547128273527 0.00113000807136229 0.00105791180797673 0.00180919368767658 0.000843233574774776 0.00126157699741183 0.00177676425309389 0.00169090706061333 0.0018107458189762 0.000703279384791786 0.000948908002015328 0.000998047355468527 0.00198688374754925 0.0008756994966122 0.0019860969017424 0.000818831066500696 0.00072374300344301 0.00105468011189474 0.00171447428863434 0.000723460054141808 0.00122295995203166 0.000912532061193585 0.000972832358488832 0.0014360282547843 0.00174061141332237
0.000761037192970781 0.00113098961699501 0.00110384356079719 0.00107193159455826 0.00206321389140776 0.0015704270241991 0.000995523153738789 0.00172299250737963 0.000531474147972981 0.000923535416620448 0.00105397576031772 0.000926139802724158 0.000624364366378166 0.0011300192426947 0.00143217114587275 0.000534361003844978 0.00179059757116864 0.000830204074677973 0.00194081513238414 0.002302996299882 0.000639192533748243 0.00087462027056425 0.000878343108992431 0.00121105182983632 0.000865228657783 0.000927045163524236 0.00122589720219116 0.00140046939059592 0.00126439380778801 0.000973839605716489 0.000813587799649486 0.00143469596464945 0.000790942452456135 0.000975516048610196 0.00161790436335755 0.00101052194054766 0.0012954713061745 0.00193523544348803 0.00137489822418046 0.00125560565439078 0.00111885736301558 0.000860706439799558 0.000892686071911388 0.00108463878596873 0.00094720276473011 0.0011341360580597 0.000706602861441801 0.00126238897563678 0.00120792201650382 0.00101954211489693 0.000836496837360561 0.00148092464202421 0.00088275791115127 0.00189461550244404 0.00129273884920274 0.00161928362313601 0.00135724420443574 0.000877597233135054 0.000994980329083225 0.00148593376290495 0.000628159663530331 0.000908214480483462 0.000878083122481774 0.00110252981055623 0.000566585810731618 0.000813605489706389 0.000523136405454759 0.00111346827480463 0.00094927283166829 0.00117168064776789 0.00226807557702001 0.000587520929921193 0.000914867976583789 0.00119024231901899 0.0016970864597049 0.00118673708994073 0.0015882504225922 0.000866281306309651 0.000763632193571243 0.000993399082980778
0.00124958270845405 0.00217498819193886 0.00120240012146663 0.000968205759601166 0.00107032563209857 0.00099260375314874 0.00145611270333471 0.000796613842817424 0.000484478399934679 0.000857129805237022 0.0013097222145981 0.00100996101451239 0.000635567218622555 0.00105204116008025 0.00137000254000632 0.00181489575018555 0.00144958106869192 0.000852138584799003 0.002302996299882 0.00198598041275134 0.00104926174725369 0.00147287652641658 0.000955476072846462 0.000909908725809864 0.000725362941001793 0.000634641831022874 0.000915472697297328 0.00118331448776807 0.00129477110207884 0.00120449823724933 0.00100626131072161 0.00120867971571851 0.000800983151586147 0.00165186000750128 0.000416181766295714 0.00090651394031083 0.00123323563151489 0.000866453194319274 0.00107502254148992 0.000671714149467438 0.000842630622631743 0.00111816343762418 0.000878187661828721 0.00106397527009246 0.000854988401467642 0.00144020295551714 0.00176051748725842 0.00155984180509409 0.000797116279003086 0.00108337270267496 0.000658624079302956 0.00114166948905992 0.000812069661264767 0.000963542631827477 0.00151522348844094 0.00194793746068095 0.00123644491410028 0.0008437223886305 0.000630143560944827 0.000982504776174287 0.00084723079200478 0.000539112323589253 0.00112578745721466 0.00101008980360384 0.00199088246831615 0.00121226056321307 0.000819479423833682 0.00109612360517772 0.00151688969088822 0.00100379924404212 0.000853912312682306 0.000882487841846915 0.000988596248524709 0.00164293860593063 0.000914887093080711 0.000871246919719806 0.00103188247262628 0.00103920338855727 0.00110621182774433 0.00111200005288952
0.00125476247758535 0.00117340718999659 0.00095326063799434 0.000820029466173127 0.000876562371592847 0.00101422592751823 0.000888497254252472 0.0016749218734913 0.00143950949965536 0.00109754847334761 0.000939026679549628 0.000887602846224324 0.000651580495568888 0.00145298448317327 0.00129322213419626 0.000845142993946906 0.000862805764417584 0.00160007827954926 0.000639192533748243 0.00104926174725369 0.00288147926764511 0.000800396380696726 0.000921379117802024 0.000505853164431676 0.00146707401007529 0.0011039691759155 0.000753913105786424 0.00099214220684835 0.000459735447657393 0.000766929301600266 0.00163156567436664 0.00106518484162248 0.00142839643968994 0.00114730270316144 0.00168837543241059 0.000952082128110409 0.000631905957404429 0.00145014873888201 0.00130172619310793 0.00116127174704095 0.00145378146897093 0.00058119964374899 0.00100469049086786 0.00122569355519885 0.0007874913457033 0.00118589935108367 0.000739964932703197 0.00128591429791276 0.000954367563577744 0.000824126663930745 0.00144847459519281 0.00121816739241778 0.00141505712585924 0.00147087191408139 0.00118389841350165 0.00132295576871431 0.000948929971242376 0.000730107913496507 0.000431426702459629 0.000594589160209655 0.000432328130916479 0.000840495349737999 0.00138074767938801 0.00080276274649862 0.000885691545504619 0.00188641002406308 0.000713406453639077 0.000988054105500581 0.000725640511099644 0.00113823179780164 0.0012393971034579 0.00177036343716562 0.000738853945558229 0.00101869554581399 0.000848037173497915 0.00164841438316554 0.00107211247069966 0.00129008637871545 0.00113890436279319 0.000971845417647888
0.00103655890966766 0.00109567923440857 0.000801312413520688 0.000702777350219188 0.000738631381793197 0.000787047860101505 0.00113958494132254 0.000699857281964068 0.000829161902106443 0.00134227966947285 0.000994020112119236 0.000805044831762101 0.00102252060016294 0.00113865320724928 0.00103190445774233 0.000939609861094163 0.000840659882480621 0.00139806191787063 0.00087462027056425 0.00147287652641658 0.000800396380696726 0.00214287343172536 0.00169481600659504 0.000997134089640148 0.000878295181849256 0.000622036362979053 0.00080130250325637 0.000969398247595359 0.000947716111376245 0.000804627565565872 0.00172121324274593 0.00125487850922978 0.00144534044677208 0.00124403830970366 0.0010653955174287 0.00108519335162274 0.000781068945895472 0.000909597264994353 0.00130412828023588 0.000554815477512963 0.00128168664207908 0.000513124290658751 0.00110694803272316 0.000875706460798177 0.000745479075750613 0.00164699213879119 0.00121589171255316 0.00109784867718939 0.00119520198653942 0.00143724117668801 0.000595031328973717 0.00104019615638118 0.000746127544436573 0.0011729484348066 0.000654147267615629 0.00091421949423995 0.000812011930584914 0.0012958836482667 0.00156469505125586 0.000716893389345322 0.00162449590714814 0.00129379816698553 0.0013743433869789 0.000874709283771265 0.00103219262414701 0.00142284843159503 0.000871439574581647 0.00168610837508618 0.0010978394332567 0.000640596873495755 0.000620765154687356 0.00139753446832338 0.00113779023722599 0.000441881845419338 0.000833806807752423 0.00100750799362959 0.00202855778402831 0.000716914522569899 0.00116992569682748 0.000742076070566692
0.00109545757432386 0.000699073875572037 0.00108560006684712 0.00114852105831108 0.00131250827414191 0.000985584812888576 0.00184444237784698 0.00153172482196073 0.00133648918209309 0.00100165725142542 0.00120225766398286 0.000924577152873296 0.000747358459490849 0.000815066734415628 0.00216519272133527 0.00150387554955717 0.00107128677968706 0.00139925451880011 0.000878343108992431 0.000955476072846462 0.000921379117802024 0.00169481600659504 0.00220881918604073 0.000310618841133854 0.000441928504710171 0.00129425764230918 0.000641771427441296 0.00119630275219098 0.00110652857925096 0.00139080349093657 0.00118550719809557 0.00107064325801564 0.000465626930730387 0.000820253046176344 0.000954692156980326 0.000951100415003757 0.000639010981335397 0.00127007646560369 0.000979387527475361 0.00195325353912191 0.00114726743932173 0.00104425223806798 0.00115619747908774 0.00142941376211733 0.000749951574489174 0.000787409977639682 0.00113226726734461 0.000943251537547346 0.000775390057422879 0.000993890442974175 0.000827653744321134 0.00211001377556032 0.00074418978188823 0.00103163102567683 0.00113744320077468 0.000994337984423721 0.00173370739852 0.000801148309461026 0.000785713845809376 0.000922636517558797 0.000864018208501095 0.000601171214636726 0.0014615434640385 0.00116447518789203 0.000987829582925291 0.00105374061554062 0.00128762962026565 0.000843238628886363 0.000966081095292014 0.000560080906749835 0.00042500473938129 0.000672915919283696 0.00101053703584006 0.000957708052820569 0.00104403720642697 0.00129091816068516 0.000745427277251206 0.000918264357019409 0.00181791147648977 0.000736307847437245
0.00132024391270384 0.00113458187049354 0.000758619570657474 0.000974846122669227 0.00158262103659053 0.0010228340815527 0.000963183386249296 0.00117157760446987 0.000827828784140115 0.00107201971822966 0.00174295879612682 0.000746546586166107 0.00109431039843623 0.00172133430311431 0.000695380232547342 0.00106899547433766 0.000919843803875187 0.00132118897882962 0.00121105182983632 0.000909908725809864 0.000505853164431676 0.000997134089640148 0.000310618841133854 0.00162429058114561 0.000923894480541311 0.000795941879297785 0.00111110689657193 0.00100354196194766 0.000650441917117516 0.00187509148261872 0.00103392685410114 0.00123552945054278 0.000995170467446403 0.00157126040236412 0.000699159638356953 0.00118531935380886 0.000708007653715744 0.00135030508453952 0.000985230415413324 0.0009053645015794 0.00101105148351129 0.000966104443446456 0.00120499379520434 0.00122625530553858 0.000543582670807967 0.000799774837716404 0.000908939601152134 0.00123952121704438 0.00113222282552968 0.000995709136345455 0.000950908544461028 0.00124987229477541 0.000668027905436447 0.000694312928072456 0.00104073411713469 0.00164018697508335 0.00125380904871347 0.00115787222631558 0.00120736181139821 0.000879729292784591 0.000896742208846167 0.00107199035769647 0.000871624259727567 0.0006903923204728 0.000662036544826931 0.000994885905689991 0.00109620624756388 0.00139418547963619 0.00128217045597969 0.000818373304574729 0.000879509765078391 0.00156386426258874 0.000795798584089511 0.00116953401293272 0.0008594489358282 0.000938361115293732 0.000821338788520547 0.00096402484084639 0.000944637193316807 0.000781259318101468
