0.00190419018162426 0.00133319454965824 0.000634614933206041 0.000907653249825421 0.00170416267979402 0.00143281209701649 0.00062034456932231 0.00139721932484088 0.00114784442320998 0.0012196598939122 0.00140806544174588 0.00249264906291197 0.00147770012493121 0.000576494472148431 0.00160683663685327 0.00131717061944515 0.000932944109976656 0.00109988099376797 0.00107476938876122 0.00144347185430938 0.00138792506258659 0.000791463698974954 0.000554827981006295 0.000751315523847388 0.000908995899938993 0.000802834159146337 0.00146879061328549 0.00125508617752674 0.000675477551596815 0.0010894986102861 0.00185421657454895 0.00109495082051292 0.0010728904361863 0.000909323285011504 0.000636636932958547 0.000762684846465856 0.000927859175986767 0.000894749433595569 0.00153709781330906 0.000710845655042897 0.00102978738221858 0.00123957747885073 0.00126809672176679 0.000817836037472604 0.00105533390580242 0.000902137570262376 0.00077743587030769 0.00081372840049797 0.00125457590421318 0.00130576329533613 0.000931436345970804 0.000863028035988552 0.000841217507430634 0.00128882696429858 0.00120870893709015 0.000813971930504925 0.00107213881589753 0.00108502854537165 0.000988138642260568 0.000624412165785976 0.00102773781881185 0.000927779392399031 0.000932445728195249 0.000663693299820923 0.00115486177133527 0.000609219072088759 0.00108055468358684 0.000986233376958845 0.000845841324346292 0.000744891346279229 0.000615365453033239 0.000823436888799873 0.000718506403883238 0.000867632289836722 0.0014197520743953 0.0011543382352905 0.00132214772426249 0.00108691840214636 0.000715946120612587 0.000863608705461731
0.00133319454965824 0.00143214887902889 0.0013980631596166 0.00126313742798465 0.000765883791209019 0.000947134479219781 0.0010988608786368 0.00173453059530428 0.00102432513759259 0.00114148841652175 0.000963534559903876 0.000858267984114522 0.000974302152146817 0.00106758285781649 0.000569821601478648 0.00105636309341473 0.00104977211926465 0.00102025997402705 0.000890074561350424 0.000800767746755214 0.000787921605193318 0.000541847917819123 0.00141832654185384 0.000723296113613924 0.000694302043264036 0.000586911096829478 0.00159282424475689 0.000907906245425707 0.00118873653561187 0.000943321320610114 0.000937363759032627 0.00104210895265517 0.00108665670173536 0.00119726862603749 0.00159261324694086 0.000985179020228822 0.00175566259779636 0.000814920094421782 0.0011974071698326 0.000942411566602255 0.000814226554128765 0.00101017143200067 0.00106339745709409 0.000729814206939738 0.000785363183538124 0.000537935386224235 0.000672395007796027 0.00120854647867995 0.000696822830446958 0.000806302195489795 0.00109271093988286 0.00144972932458817 0.00133261074747133 0.000768903302604009 0.001270578519916 0.00156889968626057 0.000615561561283823 0.00183474370871753 0.000840109683891064 0.00120648088094574 0.00160937833322495 0.0010148283038125 0.000934719249179557 0.00117489024955791 0.000855251044797056 0.000712763512143027 0.00131427002796856 0.00165514511192117 0.000775064686403286 0.00134499027636479 0.00120027201333194 0.0007803981959201 0.00127974213809509 0.00133184770693469 0.000911891316247197 0.000884406278922701 0.00085872500974842 0.00068879694753005 0.00150264993731214 0.000733725092219812
0.000634614933206041 0.0013980631596166 0.00244540806352865 0.00117511901258956 0.00167348949677576 0.00094379427267388 0.000664149825136182 0.00159881544420947 0.00116405070853349 0.00096764216291302 0.00128617412826727 0.000919208335812919 0.00118146714785555 0.0010060136912145 0.00134014012081175 0.000895430716307515 0.00108068952862646 0.000883988833135242 0.00118396566704912 0.00122946640657877 0.00133137539505832 0.00187819410480443 0.000788311679220223 0.00108852810126351 0.000890415297573502 0.00119262514696217 0.000955732030024174 0.000984349115402211 0.00123464254963014 0.00126989612414339 0.00109913462805083 0.0014884132204238 0.000899281978483546 0.00110451501314024 0.000896300345967108 0.000889485936073153 0.000902974759625348 0.00120235136236044 0.000852047152052944 0.00125697888920081 0.000905915662462665 0.00143639073097416 0.000772983676791605 0.000791821397333215 0.000962299330585215 0.00133180102133063 0.00107617031056966 0.00116364416550117 0.00130580598711304 0.000794635993208021 0.000783001189083347 0.00130579622062681 0.00213648083187298 0.00112828669975622 0.000959480656307432 0.0013450123437753 0.00064155051053923 0.00109869738735752 0.000924827954465688 0.00126111315320331 0.00129871420154395 0.000960852194940294 0.001212708390059 0.00105968021237697 0.00103614857735966 0.000876788429606279 0.00111265721748998 0.000811113019201496 0.00172684932018757 0.00098978480509532 0.00106387631657174 0.00128444335122812 0.0012251861937549 0.000890133794623748 0.000978594170255465 0.00107963128580634 0.000673011141318606 0.00106500881519863 0.000544930200237827 0.000964943955690737
0.000907653249825421 0.00126313742798465 0.00117511901258956 0.00118023463114118 0.00129339450329438 0.000751289100965554 0.000794249093836867 0.00115631697002942 0.00197714859890888 0.00159019926230833 0.00111522443826091 0.0013743000785893 0.00140969577282878 0.000903352005335512 0.000376128910722549 0.00113727432046247 0.00149365155272187 0.00117943927059255 0.000626894407279492 0.00111542803268218 0.00114905965481858 0.00108562198332709 0.00120714262356637 0.00115391054531002 0.00170685107453548 0.000872889579047534 0.0017481125244432 0.00104185521151659 0.00122603471973975 0.00114131769862652 0.000955464145061972 0.000704567223495004 0.000996155548946307 0.00112037987970365 0.00140490465349561 0.00073696324547485 0.00123210427874427 0.0017597959213561 0.00106904207986944 0.00133103165356438 0.000950478100214551 0.000824567404427559 0.000882952852355791 0.000947707665513613 0.000620627417140652 0.000884892759750661 0.00213092621553827 0.000755579288858662 0.000824726978980005 0.00111603982253248 0.00105330563496026 0.000655674527015128 0.00127701321262132 0.00162976267422153 0.000903523360179601 0.000960831803277174 0.00123349641329657 0.000891746308773539 0.00136278845324492 0.00120415335116458 0.000992639519696148 0.000439220561416902 0.00116719139057719 0.000529907170088014 0.00119140475960339 0.00130475135303755 0.000689491955570149 0.00112677588954639 0.00131680917096611 0.00227702287268087 0.00157217176225069 0.00110840133159877 0.00135007572662729 0.00119509369589743 0.000789225112228968 0.00082488756205853 0.00104825377432192 0.0010142923954915 0.000921084329133769 0.000926158998928415
0.00170416267979402 0.000765883791209019 0.00167348949677576 0.00129339450329438 0.00148785676094934 0.00123104193773643 0.00117701801577953 0.00173990958397766 0.000859610542844931 0.000892934511792453 0.00105323089530686 0.0010887494551818 0.00117768703606239 0.000736085040083568 0.00182781155897967 0.00101233542118201 0.00113547945745899 0.000917648063692842 0.000944568140300891 0.00084179227946918 0.000925699858058839 0.000802420373204314 0.00100393373804056 0.0006876478243393 0.000576099042584688 0.000831420807670328 0.00227150387854744 0.000732945072580955 0.00123959230661519 0.00206218364469728 0.000754242221891213 0.00131761860755313 0.000643474401398532 0.00120856409507694 0.00120389681913381 0.00113636494643514 0.000763654990054477 0.00131554007588048 0.00107677244336768 0.000822798918476736 0.000501613594740155 0.000467948866322516 0.00100810568055974 0.000655607392870451 0.000751664750479512 0.000767533568016908 0.00140906411979267 0.000744485734206378 0.00137160310346659 0.000741906557344285 0.000591136181432053 0.000986193020753942 0.00112330317171712 0.00127141195470324 0.00133495808422201 0.000593070094035835 0.000618988064874581 0.000930974139217611 0.000527764950156502 0.000964566400369902 0.00120156810115215 0.00148054970131409 0.000771061380275637 0.000719014751448119 0.00095308045257479 0.00117218244264771 0.000602529976182966 0.0011323563365302 0.00117871763022252 0.00125155835186985 0.00119090882703613 0.00211468062203616 0.00147524140245905 0.00126465671842312 0.000569106543732971 0.000977392355895252 0.00137282031929738 0.000937736099048798 0.00102431529153232 0.00102993175170639
0.00143281209701649 0.000947134479219781 0.00094379427267388 0.000751289100965554 0.00123104193773643 0.00241005042239964 0.00124204315925174 0.000868653280796941 0.00134110465016479 0.000563704324118094 0.00112350245612442 0.00073467823518373 0.000775866521254298 0.00141005701179417 0.00174342107106242 0.000633291982895333 0.00125015791890395 0.000886969216458653 0.000901652932953267 0.00174669829914507 0.00115447858829541 0.00055063156769219 0.000753862395248628 0.000883082551571846 0.00089052955626262 0.00116563770359407 0.00142808431866675 0.00110961819317064 0.000773098946120209 0.000630788710823481 0.00065434329189968 0.0010094746604706 0.00153703486788861 0.00054096942462262 0.00109923366494233 0.000800213613310622 0.00102642141779334 0.000515175490295061 0.000865052599636441 0.000528560596809948 0.000958618570378527 0.00112766920595743 0.00222406391861562 0.0013410837359367 0.000719514798389874 0.00124753324372881 0.000986632735249787 0.000901523255827191 0.00104626938134221 0.000755679098689315 0.000819637424119172 0.000773122678967017 0.00104706666252558 0.00136907295320166 0.00225307310103252 0.00116572080684727 0.000788994838910855 0.00110742078093968 0.000914350906317114 0.00142897804067353 0.000736718424265842 0.000779779532300782 0.000753545088674366 0.00124764269660556 0.00121927976513508 0.000751290068633673 0.00101152144849127 0.000836483132262728 0.000812459656949243 0.00084926075478163 0.000916690960034342 0.000551295833151359 0.000884269375901947 0.000934018956665148 0.00128098504866489 0.00156113644092048 0.000770643765088066 0.000950742731395757 0.000728482719668296 0.000931290652893757
0.00062034456932231 0.0010988608786368 0.000664149825136182 0.000794249093836867 0.00117701801577953 0.00124204315925174 0.00239782290122498 0.00134892936115365 0.000991674074617922 0.000984334951851058 0.00114219675643419 0.00112095822668827 0.00122361692566258 0.00107119392823315 0.000875184075542468 0.00151782190267638 0.000600844956699967 0.00102433620982559 0.00162605120713171 0.00064534949991473 0.00099668506748209 0.000892263515448087 0.000803049135855278 0.000853166417212182 0.00119060895821691 0.00171287158219802 0.000548080649628414 0.000752838122270602 0.00120588205242465 0.000467823593090461 0.000998712114371317 0.0011378811879721 0.00212195594467448 0.000818645139404173 0.000543469996564211 0.000629573518867613 0.000626402372365945 0.000709788540973774 0.00128417820367704 0.000985355038145215 0.00128479513369212 0.00115112581017494 0.00090012402209749 0.00103655203428982 0.000776444056508836 0.000898272630717388 0.000893179019828831 0.00147401852441915 0.000495151698462062 0.000656540474259973 0.000664715197486417 0.000779480673044851 0.0011302363987048 0.00060186975532823 0.00150457486751358 0.000557186061922378 0.000805819496200646 0.00136270163022207 0.00136857339560908 0.00117983981041036 0.000725839618743513 0.000934917047541272 0.000673936782390353 0.00117712794388623 0.000947023961905969 0.00103698220090698 0.00157520500617811 0.000620733339222994 0.00130074862462262 0.000965759501841882 0.000739670978152613 0.000664453754941001 0.00120642308021948 0.00130031245050877 0.000802259600452058 0.00071225329824134 0.00178428995438104 0.00125501173407723 0.001306110850009 0.000942143654693609
0.00139721932484088 0.00173453059530428 0.00159881544420947 0.00115631697002942 0.00173990958397766 0.000868653280796941 0.00134892936115365 0.00159529367192664 0.00137332745303568 0.00179417742926329 0.00128004021641482 0.000676208371757823 0.000926516738609999 0.00102977803794449 0.00169289722059751 0.000737548425208441 0.00104805619059741 0.000658138958260224 0.00130098383338826 0.00128054715626304 0.000846100223821054 0.000562545505260751 0.000636836509381224 0.00101936186983855 0.00118318714897552 0.001326580366611 0.00109027671078414 0.00145689798698509 0.000938083780841572 0.00081471348419586 0.000584565776584253 0.00111286290984663 0.00113347209696033 0.00140562299045639 0.000954792856254437 0.0011821714700709 0.000626627049838683 0.00123069880600809 0.000935856571098498 0.00109196256047573 0.000778218109166563 0.000696479539814541 0.00106781637100596 0.000498363135378423 0.000819607103746158 0.000907711782124069 0.00141672254915337 0.0011740471264438 0.00119312957183698 0.000686045382528865 0.000781406773315437 0.000985798029442097 0.0011365472681249 0.000922836281448846 0.00153295617664935 0.00128197268209839 0.000737620386298528 0.00101514389658098 0.00172768040474871 0.000778855283499842 0.00077357858488793 0.000989735608846865 0.00124993882430224 0.00136110985350677 0.000704062130050117 0.00119695285716355 0.000601155284702769 0.000544076483553652 0.000875130059950741 0.00127082039809019 0.00112042184787335 0.00147663060326155 0.000780452361535643 0.00123478196482248 0.00121113793107154 0.00109821826977224 0.00161354188939359 0.0010362328340628 0.00232709537445157 0.000622709855402312
0.00114784442320998 0.00102432513759259 0.00116405070853349 0.00197714859890888 0.000859610542844931 0.00134110465016479 0.000991674074617922 0.00137332745303568 0.0022173559758353 0.00138535538868052 0.000744946971570633 0.00107754871966563 0.000616958660224335 0.000842620662803772 0.00100056519153647 0.00160535495238512 0.00135372491742499 0.00149139020387721 0.00115661404185866 0.000823882491465806 0.000970423337221086 0.00161129154783718 0.00140416755360559 0.00130667201963319 0.000872896435767772 0.00193829105736072 0.00180384858459821 0.00168861055656041 0.00110481170216918 0.0008218343615422 0.000628929666532799 0.000963787280881902 0.000895730793074716 0.00131977967759791 0.00110494237313823 0.00171845512358563 0.00151790391199985 0.000888510690666724 0.00130022777043388 0.00126775396061297 0.00117787384302986 0.000945295816369798 0.00130284950517731 0.00117841038819972 0.0011203454088692 0.00134538549769381 0.00115891921934004 0.000828409053552873 0.000641643208298319 0.00120760841403688 0.000957196580272518 0.0012122488617042 0.00131880118855558 0.000585800694605716 0.00109423617558389 0.00100972616611914 0.000959706025115324 0.00137494216073755 0.00115840893431344 0.000805361068096429 0.000827369778829118 0.000891865550294114 0.00221654106274841 0.00147449870784158 0.000950451066926232 0.00227485756003816 0.00107110411307548 0.00107215708978483 0.00122395040173657 0.000801720800085708 0.00113939376989555 0.000821653227024899 0.000540079487629277 0.000869782780520359 0.0013559756256113 0.00131227013920401 0.00111109230286119 0.00106657411786113 0.00118688780004026 0.000788957384441203
0.0012196598939122 0.00114148841652175 0.00096764216291302 0.00159019926230833 0.000892934511792453 0.000563704324118094 0.000984334951851058 0.00179417742926329 0.00138535538868052 0.00204723158214464 0.000951345320361252 0.00147537583081207 0.000770870552531213 0.00113066861370761 0.00123939208800153 0.00121665415532276 0.000805734279101131 0.000959580705346741 0.00109043361170304 0.000695710257127518 0.00143745239829059 0.000690829317465092 0.00114404256405741 0.00086010992584035 0.000440253610357485 0.00120165219955891 0.000780835627219104 0.000722960222596144 0.000810401688259775 0.000523673103323802 0.00183858590116456 0.000894805499937019 0.00147205507365104 0.0004981033359251 0.000834956048884262 0.00112040525328147 0.00156165724765983 0.00100999323937867 0.000733625088942938 0.000584985440222654 0.000724718755935082 0.00063800111072145 0.000892828484144295 0.00220740598717438 0.00132531233724801 0.0010076115248077 0.000855334381814962 0.000695709512689823 0.00119555299309312 0.00103031264637009 0.00102573056515425 0.00127725534603597 0.00154316226527806 0.000851093136507909 0.000821011944279018 0.000714144256810629 0.000659234904922245 0.0010228995043541 0.00125840630601114 0.000662849671623358 0.00152587463448885 0.00173014088695938 0.00120700979270352 0.000811910275369433 0.000780749527148365 0.00122884130861389 0.000716065522152123 0.000646928054269991 0.00108520397683618 0.00124125703510872 0.00177109141331323 0.000584028382166708 0.00151034655713195 0.000869141143930993 0.000947885919224856 0.00177466101257077 0.000870863809975459 0.000742561077992678 0.00107406179085911 0.0011080930542806
0.00140806544174588 0.000963534559903876 0.00128617412826727 0.00111522443826091 0.00105323089530686 0.00112350245612442 0.00114219675643419 0.00128004021641482 0.000744946971570633 0.000951345320361252 0.00204265767436052 0.000799033309456099 0.000802803057187992 0.000534192624799089 0.00132186190028223 0.000819732596784556 0.001360723736174 0.000795725626517194 0.00165467491767892 0.000864185464529314 0.000586414973677379 0.000851311558916042 0.00124347554696321 0.000859464903118915 0.000756401508931512 0.00110000460370684 0.00151197645763753 0.000894841574391829 0.000734314153984156 0.000845126651473981 0.000861308589465749 0.000586298403341137 0.000976102253264581 0.000743199050359139 0.000562404250045638 0.000565018718442058 0.00074208984148673 0.000408054507719027 0.00101211256012246 0.000883728558899375 0.00100313951776941 0.00132598372350589 0.000622358149331135 0.000463526685061567 0.00063835464452077 0.000819859316996229 0.000732195650668219 0.00126640697223221 0.00177831666394701 0.000594691629984031 0.00106380758156814 0.00114133245482686 0.000611967428198951 0.000768970439481529 0.00064598283109396 0.000580035365913132 0.00118939789984474 0.00100239428167906 0.00125806981819944 0.00131522929114527 0.00127445729718631 0.000627214182010416 0.00135836079721105 0.000621272287749164 0.000925704956191223 0.000842833647198857 0.00116535885220213 0.00125795324906049 0.0011585266722507 0.00121274475292634 0.000908002684191919 0.00122567685516155 0.000832154817720311 0.00174973799191033 0.000933194518817174 0.000714409378086328 0.000685093905707961 0.000815563947359689 0.000718513952348208 0.000837012715164878
0.00249264906291197 0.000858267984114522 0.000919208335812919 0.0013743000785893 0.0010887494551818 0.00073467823518373 0.00112095822668827 0.000676208371757823 0.00107754871966563 0.00147537583081207 0.000799033309456099 0.00216796394235048 0.000984363748194369 0.00102911208786075 0.00204231573208202 0.000857294540142896 0.00113875364941671 0.00195008182828866 0.00116291802670677 0.00185938220415136 0.00093504984450112 0.000844807825389302 0.00101973596337643 0.000838432956996785 0.000497664312277716 0.000870045234066677 0.000489231161216822 0.000875897618160074 0.00124431345449216 0.000936453318405334 0.0010303096161243 0.000994074720842388 0.000798233652614187 0.00126915626344243 0.00100975608314446 0.00116860990287075 0.00104265624926066 0.00110585897388766 0.000804880799193626 0.00106898449808146 0.000995551947757656 0.00161560671939828 0.000877195539368289 0.00107269319279227 0.00114286716514805 0.00158391607632665 0.000803195280850448 0.000814101943967196 0.000830736218036757 0.000773716513557421 0.000835100897639411 0.00132007173680462 0.000984322018424202 0.000966568687556393 0.00120392146779873 0.00059301862268745 0.00131298784960425 0.000623811663963486 0.00118618320611289 0.00102418588281896 0.000755816688244566 0.00230844094519017 0.00118078832708572 0.000760928549653337 0.00122464024255553 0.00132855405783848 0.000623628641175926 0.000321008898048722 0.00109846682413591 0.000757117369348165 0.000777189320574747 0.00134288404284517 0.00131488344344809 0.000986998504271661 0.00182877745177025 0.000910610029395057 0.000762777815474903 0.000900551390829165 0.00105484299822293 0.000714860736016708
0.00147770012493121 0.000974302152146817 0.00118146714785555 0.00140969577282878 0.00117768703606239 0.000775866521254298 0.00122361692566258 0.000926516738609999 0.000616958660224335 0.000770870552531213 0.000802803057187992 0.000984363748194369 0.00216702345797335 0.000935633857143904 0.00140998528822275 0.000839570527845064 0.00125305718897178 0.000536713849647785 0.00135708943168201 0.00129715372754073 0.000832988309502801 0.0015176284691871 0.0006281310815225 0.000980424736535062 0.00167568628044927 0.000728041513167705 0.000509342512373028 0.00170669411684648 0.000797892124835886 0.000752571960494012 0.00122487955917335 0.000770297847948449 0.00113766554484845 0.00103008559669556 0.0018499746099331 0.00100830312407018 0.00159563351714208 0.001167853738211 0.000633924556925181 0.000695724787167264 0.000934351808669024 0.000935124502647474 0.00185351496497602 0.000915142253636288 0.00119646768095616 0.00124722150511153 0.000851885908984393 0.00156980642862614 0.00067320382289315 0.000685357758447423 0.000690155622550591 0.00120398890600768 0.000817134967706365 0.000821023361470233 0.00113321820836284 0.0012908061727838 0.000735656394978351 0.00115747385758161 0.00103459648864367 0.0022366849979088 0.00108791829534092 0.00180145847192386 0.00154749398887409 0.00119276848098192 0.000994565364467225 0.00162339534582308 0.0015933346967698 0.00174437362978045 0.000669985953559298 0.000970411351264567 0.00094091995970741 0.000950443445605333 0.0010165154955455 0.000661001235019175 0.00163135702605491 0.000628926671480966 0.00154546265423395 0.00155547121051119 0.00109150694630159 0.000954260666698611
0.000576494472148431 0.00106758285781649 0.0010060136912145 0.000903352005335512 0.000736085040083568 0.00141005701179417 0.00107119392823315 0.00102977803794449 0.000842620662803772 0.00113066861370761 0.000534192624799089 0.00102911208786075 0.000935633857143904 0.00192654810228649 0.000688244168954495 0.00113346308178097 0.00154043493900047 0.00120948370699275 0.00106868426799491 0.00116320781220419 0.000840282406042986 0.000953454965558846 0.00096286970181646 0.000710311371869132 0.0009971963542036 0.000955737752271606 0.00064363352180883 0.000820832339031859 0.000984929420183026 0.000911133711411044 0.000770860657509132 0.000618496564434527 0.00169587160005832 0.000832656593509407 0.000609868375347691 0.00109869186920527 0.000866420617256076 0.000716592725887365 0.00095534713852955 0.00146081008400286 0.000881948939790082 0.00121041284702502 0.000609581747331105 0.000607740654146724 0.000894642282200981 0.00109300177044421 0.000601631377164266 0.00103233867308276 0.00127190732885894 0.000764870669490209 0.000942597112322384 0.00162173717329109 0.000898324532244408 0.00119372685347012 0.00115578912888157 0.00128382225967033 0.000873102854316696 0.00189828658646128 0.000540442662511903 0.00166536806384978 0.000935748161991568 0.000717337619987106 0.000890466317962771 0.00122881646261859 0.00089250732265312 0.00120731427975416 0.00138509679969399 0.000589031494768597 0.0014881502601564 0.00111243008835531 0.000895867621451417 0.00135872444380596 0.000720236355255036 0.000797376750253883 0.00119385955395173 0.000765343936389035 0.00128742956456599 0.00112457610495006 0.000591875419841194 0.000825020825301987
0.00160683663685327 0.000569821601478648 0.00134014012081175 0.000376128910722549 0.00182781155897967 0.00174342107106242 0.000875184075542468 0.00169289722059751 0.00100056519153647 0.00123939208800153 0.00132186190028223 0.00204231573208202 0.00140998528822275 0.000688244168954495 0.00295422528428033 0.00168428100645981 0.000563015313773918 0.000717004456484698 0.00103173648504987 0.00110158575815064 0.000982277008288533 0.000636428739686635 0.000787061959855798 0.00136682267953455 0.000748889950910396 0.00123868910857203 0.00133310237219527 0.000967311236024346 0.000533281299275837 0.000601449144217554 0.000802393622823064 0.00092152434928724 0.00127372552839964 0.000878658832205762 0.000665869889761703 0.00100560273671024 0.000524520352881257 0.000830815999986919 0.00115419791037467 0.00103354606128056 0.000905584260380736 0.000808640858195075 0.000973781067096067 0.00138858824632727 0.00110247080215372 0.00063220290285994 0.00137227683936082 0.000528879180522687 0.000842602472175038 0.00125328137058766 0.000531769898605734 0.000687664951175631 0.00126358033408102 0.000774105818593721 0.000959225611685976 0.00100983781262684 0.000477737292751027 0.00114811682913243 0.000770238696235689 0.000617240566252662 0.00106001619300558 0.000889814691652253 0.00137412642826022 0.00092171216376529 0.000627139017580333 0.00103937385486867 0.000902698564551995 0.000535504223074706 0.00115790583187514 0.000686051299677283 0.000715185635697259 0.00124993603675626 0.00101578500798047 0.000832537890233116 0.00125005061668736 0.00129252370376186 0.000858643894015585 0.00154444686799848 0.00116631659871626 0.000865064369196566
0.00131717061944515 0.00105636309341473 0.000895430716307515 0.00113727432046247 0.00101233542118201 0.000633291982895333 0.00151782190267638 0.000737548425208441 0.00160535495238512 0.00121665415532276 0.000819732596784556 0.000857294540142896 0.000839570527845064 0.00113346308178097 0.00168428100645981 0.00273209505783442 0.00138211199718738 0.00110237853531973 0.00107994297805675 0.000848423420449002 0.00115088567343096 0.0010374447381933 0.000960137451320296 0.00075810262573619 0.000777654805150566 0.00140394265927896 0.000608878293606761 0.000736098659536008 0.000838005515724076 0.000832268098929114 0.000799921926396996 0.000938413862235343 0.00190102107119179 0.00100553425654588 0.00145708239347166 0.00234173562412988 0.00114355338309333 0.00123004576448723 0.00170194703550576 0.00205771757591436 0.000436440165469372 0.000813361348852901 0.00133001038799167 0.000840726936221848 0.00104197787271716 0.00102604761984944 0.00105549367181959 0.000902114689951644 0.00131019793760864 0.000726168038980501 0.000856879202582429 0.000683553101908679 0.000578378099661203 0.000597936082757257 0.00141107862679029 0.00122426008993775 0.00139282919272355 0.000731903927244042 0.00105856044687273 0.00164736795792137 0.000643676452165862 0.000973799429318407 0.000800223687744929 0.000872409225141777 0.00124866661948074 0.00097493650951011 0.00106809533642659 0.000625951215232683 0.00104255435302514 0.00102738559217734 0.00130333377011993 0.000749363797556763 0.000782468091652916 0.000944631706411747 0.00115073817529156 0.00119618694570523 0.000874879105583393 0.00113233746596167 0.000854121944632556 0.00115416370550251
0.000932944109976656 0.00104977211926465 0.00108068952862646 0.00149365155272187 0.00113547945745899 0.00125015791890395 0.000600844956699967 0.00104805619059741 0.00135372491742499 0.000805734279101131 0.001360723736174 0.00113875364941671 0.00125305718897178 0.00154043493900047 0.000563015313773918 0.00138211199718738 0.00356198746232858 0.00110570214735116 0.00144285194483018 0.00152939261163907 0.00079200824932071 0.000808546634594905 0.00134772934967537 0.00088895045219955 0.000886667215860705 0.00161832323882392 0.0016330260115319 0.00132765637368399 0.000883101411760527 0.000800339865550991 0.000892881522000909 0.000912626421844685 0.00143437899653668 0.000879210927920421 0.00102832536725595 0.00133986610673703 0.00091614912898805 0.000888782690441405 0.00101757192221787 0.000899698440017399 0.000864913754652727 0.00122814493894074 0.00136041258844971 0.00111852136360091 0.000772129285180324 0.00109019675109689 0.000810771398104855 0.000634776518373901 0.000735127490111463 0.000555338579731265 0.00101297566403807 0.00171839175478803 0.00104918442845925 0.00122982273613986 0.000885548149380794 0.000920879980948135 0.00151078888187464 0.000602838185679549 0.000860890683074858 0.00061733004421117 0.00176529158003443 0.00122475370113531 0.00168129934087674 0.00106866407354088 0.000690044248862744 0.000501931840370784 0.000990792072319826 0.00221417025325696 0.000749141630010377 0.00132291144781757 0.00177477483673924 0.00151975248333244 0.00110063120845977 0.000440179657210455 0.00122624831375334 0.000789035858252222 0.000743245865075236 0.000777995128347123 0.00173324441421428 0.000901472868947061
0.00109988099376797 0.00102025997402705 0.000883988833135242 0.00117943927059255 0.000917648063692842 0.000886969216458653 0.00102433620982559 0.000658138958260224 0.00149139020387721 0.000959580705346741 0.000795725626517194 0.00195008182828866 0.000536713849647785 0.00120948370699275 0.000717004456484698 0.00110237853531973 0.00110570214735116 0.00179578209560887 0.00173554766888582 0.000598653660722366 0.000739031387788055 0.000917832724738173 0.000721825903095545 0.000707300322592736 0.00158055668103089 0.00150579083854429 0.000726099857228346 0.000879644174926447 0.00112778589023316 0.00138315808166965 0.00137798108511265 0.0006574731602681 0.00134132820271566 0.000904039770454402 0.000959723925892728 0.000867305845853794 0.00155463389240373 0.000812981399717919 0.00108450644903037 0.000729602374138761 0.000983276101660537 0.00131843731239234 0.00175024080297922 0.0011193627347718 0.00138497210447045 0.000776809095048035 0.000862510625571883 0.000582838940293881 0.00203554725924162 0.00137771359298954 0.000951507594142622 0.000965019584837483 0.000779174803200967 0.00117244152680093 0.00168714328414402 0.000990307328818365 0.000825681029581583 0.0015811945288112 0.00140749123778772 0.000787294432699808 0.000659192470795813 0.000582553733980108 0.00138993459079263 0.00090560930477587 0.00137896765050997 0.00135887481180913 0.00191538913526747 0.00107318879413869 0.000853360987500256 0.000590612630101676 0.000944431104432518 0.00114533552420353 0.00140187327517449 0.000890642730057974 0.000541099685594966 0.000622345237836628 0.00187571226094746 0.000749454283342177 0.00119944255134046 0.000675985484854643
0.00107476938876122 0.000890074561350424 0.00118396566704912 0.000626894407279492 0.000944568140300891 0.000901652932953267 0.00162605120713171 0.00130098383338826 0.00115661404185866 0.00109043361170304 0.00165467491767892 0.00116291802670677 0.00135708943168201 0.00106868426799491 0.00103173648504987 0.00107994297805675 0.00144285194483018 0.00173554766888582 0.00200659386536414 0.000534419460639308 0.00137868739566419 0.000955471089205671 0.00128102826420329 0.00129112476198973 0.0011232820462074 0.000959159079043674 0.000702738795422602 0.00145890552418934 0.00115434551426186 0.00117156180814395 0.000454325301305949 0.0012793874764648 0.00217120574209231 0.000878467095266079 0.000881923388803482 0.000671017467852104 0.00108135925797026 0.00141466044844112 0.000831673447298994 0.000617649562284215 0.00110209671402604 0.000708931133143255 0.00118765549024709 0.00126497513835963 0.001378127616429 0.000733789155172893 0.00100518138787728 0.000943797777677991 0.00132126254535486 0.00105801068091125 0.000894868990431149 0.000727159694880994 0.00107414953260127 0.00103739460724226 0.000614357830936829 0.00156837849780817 0.00116724130151318 0.00108364196690436 0.00071763299176739 0.00117912969148939 0.000789242972798698 0.000906224412218185 0.000673738684909901 0.000917976253140608 0.00145646886093309 0.00110230909445234 0.00135569019943706 0.00131787416181565 0.000645109571980636 0.00087381914613383 0.000874347226286777 0.00074064371323588 0.00141356086875304 0.00102807842488012 0.00106593746165815 0.00151162168958402 0.000959888941893691 0.00139382898119934 0.000799851342418591 0.00121664746355305
0.00144347185430938 0.000800767746755214 0.00122946640657877 0.00111542803268218 0.00084179227946918 0.00174669829914507 0.00064534949991473 0.00128054715626304 0.000823882491465806 0.000695710257127518 0.000864185464529314 0.00185938220415136 0.00129715372754073 0.00116320781220419 0.00110158575815064 0.000848423420449002 0.00152939261163907 0.000598653660722366 0.000534419460639308 0.00195617576937594 0.000851403320783273 0.00117541399608848 0.000585271492765589 0.000873166401449798 0.00118043178787028 0.000951196716994279 0.00116554070852437 0.00138812339901418 0.000540213533575854 0.00082313653876554 0.000970838200429092 0.00157353412641418 0.000980906595627604 0.00105815286293282 0.00137994189832199 0.000953896232068604 0.00136238334387425 0.000844513565563954 0.00113733937794319 0.00116909464694286 0.000993675299567102 0.0010515284531355 0.00119056032486774 0.00195385007229822 0.00113605929764431 0.000690420894214714 0.000758115911820962 0.00114450991305418 0.0010290754269283 0.00149801630467953 0.000895827574366166 0.00137627108599551 0.00163765306517399 0.00101919905237001 0.000955327525847771 0.0011724959446607 0.000851100059323793 0.00149045738150953 0.00144827140575619 0.00105347697216089 0.00123938351521474 0.00150986585349685 0.000991933748600581 0.00103671283443069 0.00101823235365553 0.0014186636271074 0.000504213838553338 0.00100663339120613 0.00078456302103662 0.000707846350673215 0.000685271158276105 0.00119340046452534 0.00105232492005112 0.00166841691802858 0.00136831921982035 0.00126560667614095 0.00093652851792412 0.000472600274422097 0.000953922613375137 0.00145220112908496
0.00138792506258659 0.000787921605193318 0.00133137539505832 0.00114905965481858 0.000925699858058839 0.00115447858829541 0.00099668506748209 0.000846100223821054 0.000970423337221086 0.00143745239829059 0.000586414973677379 0.00093504984450112 0.000832988309502801 0.000840282406042986 0.000982277008288533 0.00115088567343096 0.00079200824932071 0.000739031387788055 0.00137868739566419 0.000851403320783273 0.00138988961950323 0.0018095715500335 0.000931594673352026 0.000928510867349545 0.00147725936146403 0.00128859663602157 0.000993325204196034 0.00122902984958734 0.000775404178832268 0.000939472838638816 0.00105293652088978 0.00122645659650139 0.00134934609417067 0.0011401850372845 0.00093979266636995 0.000883841196276826 0.000973842677520662 0.000793524984613599 0.000986361365153241 0.000731801010669268 0.00146358337109692 0.00113712135613835 0.000532781119401853 0.000850915401431235 0.000722273435249827 0.00105131888860881 0.00173572210739161 0.00132406061723323 0.00137676913981307 0.000694046586251353 0.000710523791344751 0.000959596408409233 0.00160320457836051 0.00106398890596807 0.000784360915859933 0.000867927119860883 0.00154702605885364 0.00170687067418211 0.00128971779434775 0.00124842348179717 0.00108346892845521 0.000927489450314034 0.00103978050733227 0.00128524631832643 0.000884603069232885 0.00128239775694828 0.0012575276674903 0.000805721479080424 0.00154866350268082 0.000802162367093076 0.00114157100325009 0.00088156880759435 0.00124020335209827 0.000573426896487556 0.00164391736064442 0.000921390193164647 0.000745475860167718 0.000840593787552569 0.000828175257027507 0.00110546757166165
0.000791463698974954 0.000541847917819123 0.00187819410480443 0.00108562198332709 0.000802420373204314 0.00055063156769219 0.000892263515448087 0.000562545505260751 0.00161129154783718 0.000690829317465092 0.000851311558916042 0.000844807825389302 0.0015176284691871 0.000953454965558846 0.000636428739686635 0.0010374447381933 0.000808546634594905 0.000917832724738173 0.000955471089205671 0.00117541399608848 0.0018095715500335 0.00239509786254959 0.000808507477449895 0.00174349342167207 0.00124270447798976 0.00175396165560238 0.000784932552866891 0.000999145554329095 0.00108976744835719 0.000860214417646733 0.00123024723780708 0.00169896418663243 0.0014453962689824 0.0010676172771057 0.000525535392324731 0.000744631992458879 0.000780049920456869 0.000853666244309335 0.000637768047413112 0.00145373475773935 0.000930566591761337 0.00115260195486321 0.000629666994773394 0.000587442058902238 0.000768918970356137 0.000962237373892492 0.00104200777288302 0.0010311757014449 0.000904439821958348 0.000819545182906317 0.00158504892008511 0.00108552873189447 0.000733857873484589 0.00102109124908308 0.000890523010595945 0.00089569630565744 0.00157054147451714 0.00104563911282615 0.000849148472394084 0.000863175785886647 0.00115044809151393 0.00149254138219486 0.00136169094431206 0.0011301783875388 0.000993978504783206 0.000744601659786098 0.00116372797805459 0.00175439289933376 0.00114734354525604 0.000958540815410434 0.000904164159017359 0.000692748596440108 0.00104442510288167 0.00105869977448443 0.000877307710601729 0.00121579296749421 0.00136483929769728 0.00157585254769949 0.000515543827500996 0.001087540593479
0.000554827981006295 0.00141832654185384 0.000788311679220223 0.00120714262356637 0.00100393373804056 0.000753862395248628 0.000803049135855278 0.000636836509381224 0.00140416755360559 0.00114404256405741 0.00124347554696321 0.00101973596337643 0.0006281310815225 0.00096286970181646 0.000787061959855798 0.000960137451320296 0.00134772934967537 0.000721825903095545 0.00128102826420329 0.000585271492765589 0.000931594673352026 0.000808507477449895 0.0021282213887493 0.00156118545391141 0.00130157463066209 0.0012140252752665 0.000978505255394915 0.00137389635183971 0.000659105776671163 0.00151330367904913 0.00046952792509597 0.000925338319656628 0.000956737928713271 0.000684193934753785 0.000533599918128089 0.000681768276067108 0.000947623058850366 0.00124902234414683 0.00123865086219595 0.00104095768647798 0.000985754954990507 0.00151478145357427 0.00104312024598296 0.00120632970898354 0.00169732303310666 0.000899058656741775 0.000660190053046013 0.000902878702596214 0.000713156906241451 0.00104650682033596 0.000739727224180593 0.000768539863423212 0.000906959424294732 0.00130414420167443 0.00102464383436546 0.000973205128131003 0.00060543540438301 0.000715559926955762 0.00141466737563698 0.000710070029405559 0.00117150256750548 0.000789327346179897 0.000454971144224695 0.000963828172680651 0.000579374462744597 0.000856463459492301 0.0005329640387378 0.00121314201959703 0.000841747106865769 0.00129106646145273 0.000754488319985557 0.00124181941190986 0.000864810507982016 0.00109402369866778 0.00129417451432575 0.00103748349103958 0.00131469039893851 0.00123685530272963 0.000954495635896631 0.000739571168360518
0.000751315523847388 0.000723296113613924 0.00108852810126351 0.00115391054531002 0.0006876478243393 0.000883082551571846 0.000853166417212182 0.00101936186983855 0.00130667201963319 0.00086010992584035 0.000859464903118915 0.000838432956996785 0.000980424736535062 0.000710311371869132 0.00136682267953455 0.00075810262573619 0.00088895045219955 0.000707300322592736 0.00129112476198973 0.000873166401449798 0.000928510867349545 0.00174349342167207 0.00156118545391141 0.00160344871326685 0.000969676895673751 0.000652049541942173 0.00120777598103739 0.00101700903938377 0.000830949203133361 0.00110607682281532 0.000985321471988305 0.00195125457956684 0.000501511164069673 0.000824742101266418 0.00118611663452393 0.00128853921959839 0.000801230419906112 0.00216441489846845 0.000971896754805674 0.00109556579556431 0.000820077341086711 0.000679177714405049 0.000787030669400196 0.00148368638623158 0.00133072200743359 0.000650062419431539 0.00109562486757268 0.000910578010298346 0.000739333425956024 0.000964343775402915 0.000861543646417428 0.000782994953743882 0.00161033401917441 0.000597485950372683 0.000823118448190772 0.00255908738707044 0.00110834581206773 0.000965712665433451 0.000789719763030362 0.00156188442951443 0.000979222306757962 0.00118408913795518 0.00084920878524447 0.000600668529461126 0.000775899489375937 0.000923800688572988 0.0012589090147227 0.00111814435949978 0.000798150074989326 0.00099730845807799 0.000744430160501026 0.00104220691825783 0.000813786610066433 0.00128266984728196 0.00152678034432753 0.00149187079200986 0.000934217579660329 0.00085648182181962 0.000848480911334877 0.00105983983378497
