0.00200141014126311 0.000975044929974084 0.000910646754088429 0.00103137325117991 0.000837533463092992 0.000877636689321783 0.000680544051846975 0.00059694408936256 0.00136268834691552 0.00100984562033157 0.000839092497484579 0.000775895703767044 0.00132575395279402 0.000791296106613062 0.000578500084068293 0.00185362368713431 0.000938812076662332 0.000709211458577023 0.0019285178690825 0.000657978247352932 0.00178381372158803 0.000686240577092101 0.00186039512943965 0.000789415914475665 0.00115984146506007 0.00139183417350137 0.000965509515219454 0.00101104182704523 0.00115873853942138 0.000795039842763375 0.000853915475283494 0.000618439263512541 0.00124246042559988 0.000736130353105757 0.00088727599789321 0.00202485765617727 0.000580455684748959 0.000997471486854482 0.00143648572423017 0.00168827158455232 0.000938652458632089 0.000759623333035736 0.00132127739746384 0.00134869746056502 0.000727390303988505 0.00101568166456666 0.000615343814393716 0.00174556185026974 0.00211877240506554 0.000841922032720494 0.00094343367828179 0.00118056053551235 0.00076711589316342 0.00156600593680561 0.000996694491918652 0.00084932033495206 0.000832807876492113 0.000981216358901381 0.00110657726230813 0.000908417326569359 0.000886055161514961 0.00122810357121741 0.00135638651846136 0.000964824622601824 0.0013261797115737 0.000920215902363973 0.00143217547637484 0.0010265788153198 0.00130674030012771 0.000618037458629668 0.000700020885458584 0.000906884232527433 0.000932086932330929 0.000876384285854627 0.00105419269222439 0.00102095659561998 0.00146065908713527 0.00131444800838833 0.00124027453393932 0.000959518862220672
0.000975044929974084 0.00276792447156448 0.000806066205250195 0.000919990832812904 0.000639465830396078 0.000565936464919026 0.00152186480076867 0.00108003475659083 0.00190904612857409 0.00133959374340644 0.000727205353202564 0.00112373771699794 0.00101578898973453 0.000693204974276168 0.00134629838834373 0.00124266318078273 0.000958149440344558 0.00211288863574781 0.00153968303414667 0.000760727836022063 0.00121689435997503 0.00110294812855144 0.00102853953374644 0.000985662808558429 0.000970108332314866 0.00133868275651069 0.00117801273661831 0.000800217865306009 0.000888388232128362 0.00134132158813562 0.00113651435629232 0.000813338477828341 0.00161524047209809 0.00154905359662816 0.00070240625539004 0.000916697071192878 0.00127277937237289 0.000776268832071147 0.00128177963020812 0.000552993730110734 0.00112628181411619 0.00115680530345177 0.000623184302824113 0.000881594014123313 0.00200798902044759 0.000557419525473364 0.00179349178302206 0.000791574224979294 0.000840146402764324 0.00113130728540839 0.000672487481987166 0.000502201934525661 0.00126373938568119 0.00105599492491709 0.000882822604754666 0.00114609519868575 0.000719916986044207 0.00101490487989061 0.000798349248138911 0.00117247819871323 0.000898062507493417 0.0011238266727118 0.00163857026111921 0.000806696202105007 0.000949151871217795 0.000732593430270394 0.000902268845607705 0.0012796710451906 0.00138915547016781 0.000716674016803267 0.00040092219566948 0.00104869299292196 0.00136125350218048 0.00135427884911314 0.000919767994105915 0.0010329802605132 0.000522929701517658 0.000979791215677093 0.00104008462186728 0.000832808992718574
0.000910646754088429 0.000806066205250195 0.00236700111052722 0.00140970131192474 0.000819455521023109 0.000675773738682497 0.00150443872427406 0.00153994205845499 0.0012487258321858 0.000869603725087793 0.00072558243869484 0.00081229106023334 0.000523022590178602 0.000912928794251935 0.000860903028771174 0.000947087424152976 0.000514865268667922 0.000851007983101876 0.00119426799728594 0.000803041431020573 0.00100558673287647 0.000678339539499648 0.000637233933812014 0.00064553408476844 0.00100382792040564 0.00110115502127165 0.000955053422304712 0.00107555159159549 0.00157823600328992 0.00147730644857283 0.000702746927014559 0.00116630228434911 0.00106432578908287 0.000726578641769915 0.000910234021346551 0.0013222965044134 0.00120102960429625 0.00130210334744883 0.000540340575052335 0.000964655651953421 0.0007799218953131 0.00133992164986632 0.000842484736218398 0.00113025103071548 0.000997104749598714 0.0010997304366112 0.00133711036398423 0.00103905562893501 0.00101441412939434 0.000993711211668729 0.00120491656750547 0.000879360417332705 0.00121355525949444 0.000790251662544138 0.000919182244993179 0.00109668755971 0.000712471437887138 0.000887038757521746 0.000800816738180789 0.00074966528463267 0.000857007662240094 0.00127065469019919 0.00133793065409443 0.00105003844036934 0.000753890473076089 0.00204287311241441 0.00113894374545738 0.00106167137654626 0.00105857427314482 0.000679060106660992 0.00137649836768105 0.00149876368743899 0.00174064728189068 0.000982841633829742 0.000816915479318017 0.00075961730826263 0.000604210139111544 0.00112007606897337 0.00104897392635076 0.00131010299149743
0.00103137325117991 0.000919990832812904 0.00140970131192474 0.00161834573409261 0.00123412505049703 0.00101707335624765 0.000741910003186965 0.00118385979346231 0.00107381680971791 0.00138276722002476 0.00087864127114077 0.00123064325208744 0.000862556110002922 0.0018169517526458 0.00108202358586614 0.00116111897389581 0.00072914985860658 0.0015222175826464 0.000990084366970425 0.000889441219008794 0.000619018143757812 0.000882948405733233 0.00199012863718779 0.00160975572562837 0.000683784138158574 0.00135727550376585 0.000819441774528973 0.0011274540713255 0.001357239030974 0.00119014132723926 0.00123834781816995 0.0010892891075054 0.000664385746588836 0.0020498221896663 0.00108989199210572 0.00185909321614942 0.000910613993471473 0.000580865895973003 0.00125237529888323 0.000725133060463106 0.00125920452025839 0.00134449127481869 0.00136678402169404 0.00109841214294712 0.00117992996452369 0.00128345293022788 0.000763905945505893 0.000604036530386022 0.0010540749435573 0.000899126331564885 0.00174930213681891 0.000737923483101372 0.000726756563144945 0.00129877575518102 0.00103058832282812 0.000640048167359816 0.00149182354038566 0.000830496393557421 0.00182708184978808 0.00136839013071277 0.00101580634859038 0.000953930215233534 0.000928989360798187 0.00105828197180803 0.000886563867341699 0.000662927672688513 0.0015778965598427 0.00104132675170401 0.000725270270311817 0.000998011040901761 0.000551462851137404 0.00116380418615385 0.00101877248415865 0.00101314580297098 0.000561757134681748 0.00154732829647295 0.00117102763527522 0.0010998587625875 0.00139127212235085 0.000799190332554206
0.000837533463092992 0.000639465830396078 0.000819455521023109 0.00123412505049703 0.00174340351710827 0.00151117313616393 0.00185526938280638 0.000933519185781809 0.000815571953476197 0.00105861408868204 0.00153188505210805 0.00130794271109535 0.000908212677113892 0.000767224639452781 0.00134882358615952 0.00144458151019538 0.000532630068753789 0.000994327314344335 0.00224732992523499 0.000991575252136922 0.00194753934562934 0.0012581767147413 0.00197806494100142 0.000719075701769484 0.0012280210638338 0.0010352044273663 0.000602863253886276 0.00190606901855177 0.000926726417252496 0.00155362734618318 0.000795049916515019 0.00136869591416678 0.000837473647658607 0.00065809751118182 0.00107416013134807 0.000663955338124642 0.000858392603307522 0.00129001355544256 0.00103143931251489 0.00073906387448073 0.00127498146364067 0.000664198386305762 0.00101079816102034 0.000883114262340408 0.00152871051237009 0.00125321086767019 0.000774094759553568 0.00115180090185369 0.00091252014855548 0.00159047310255295 0.00102443356438285 0.000681761951119928 0.000907830664467293 0.000699858731728497 0.00103325417174364 0.00116071688236193 0.000624208683966473 0.00110004068358386 0.000852303509380548 0.00111167512538489 0.00137241416312539 0.00102430670772303 0.000799504315048347 0.00123540059925379 0.000905702092018962 0.000935518280799941 0.00134063465587395 0.00124626401306386 0.000893649292909291 0.000718722712921412 0.00116540163187269 0.00112581318918324 0.000997693746371887 0.00127476866733527 0.000608048412610702 0.00137628983158445 0.000918329238787997 0.0010608973635946 0.000608069855244719 0.000556762989125936
0.000877636689321783 0.000565936464919026 0.000675773738682497 0.00101707335624765 0.00151117313616393 0.00130675906633365 0.00089218759610939 0.0012114716890665 0.00096496801075102 0.000600023825487942 0.000969140085224765 0.00080940799196254 0.0014216561463335 0.00106417246072934 0.000737777731180869 0.000788248440277103 0.00152246329998491 0.00123433320001672 0.00105221881557517 0.000600107807342592 0.00126159275343875 0.00154460645445716 0.000552001414888188 0.0011273538003501 0.000800666490654405 0.000891508280753744 0.000990537790456768 0.00082939111062256 0.00142082893662954 0.00140856546482763 0.00118073037142804 0.000899779107431035 0.000761792509371149 0.00128660315835948 0.000680075348039149 0.000906153972287516 0.000953455676470092 0.00099020200726007 0.000809623586985851 0.00200778880493217 0.000983781703440753 0.000844077020990869 0.00145518651976239 0.000891118612043997 0.000952436385574034 0.00123977577493105 0.00107363184004837 0.000750983284009186 0.00103184827888488 0.00150670304561353 0.00135897519393784 0.000696614307825637 0.00086337379213303 0.00127162783434628 0.0011062741518501 0.000765519948313514 0.00101505882479393 0.000803581685147863 0.00111467161145092 0.00114267926961973 0.000882348790131441 0.00093136589593571 0.000975590821740838 0.00091915203121371 0.000673308494901942 0.000457872131504005 0.00114660923289697 0.000890665158920599 0.000773303408369274 0.000867943992277652 0.00100922706359719 0.0011556127905039 0.00107696147907196 0.00134001723234755 0.00181623864029529 0.000771928839848684 0.000895597764985778 0.00109135668340869 0.00170732801924937 0.000670282434889297
0.000680544051846975 0.00152186480076867 0.00150443872427406 0.000741910003186965 0.00185526938280638 0.00089218759610939 0.00310914613021748 0.00164671400390795 0.00128813902496442 0.00117148098889525 0.000839945308603077 0.000963028287721389 0.00295659111756579 0.000654552420118679 0.00116237105022848 0.00101255333762021 0.00144530821619923 0.000873237851253269 0.000810782679521987 0.000780162853738455 0.00109593377158067 0.00101551344566295 0.000669130179954721 0.000689059132951823 0.000735545673566462 0.00071037160750268 0.00116006298495742 0.000799411929135537 0.00126304552171936 0.00131824883068483 0.000871389811849045 0.000815666882148241 0.000791232398531624 0.000737670942496074 0.00158949394221888 0.000775211712242069 0.000490284129264251 0.00105276549297104 0.00173377114551887 0.000822311325501477 0.00140221627029486 0.00123220772422821 0.00138166962133448 0.000971567800405424 0.00072229813161907 0.000709866693054134 0.000557147459385399 0.000583041043989855 0.00192549850378115 0.00196954457429658 0.000503008831258748 0.00102486170120818 0.000666246912685454 0.00091886470235616 0.000701264281946566 0.00070380031303918 0.00128597214200464 0.000830649953443337 0.00101893678958374 0.000848511959512989 0.00084428251231211 0.00115814983435138 0.000782103843014364 0.00126711066931522 0.000929932216017341 0.000798700919697509 0.000929881809049393 0.00106673695132989 0.00140554772436015 0.000724888781575551 0.00144668160164178 0.00215389745742107 0.000645742433731619 0.000963070295613319 0.00162447890785739 0.000851647532206467 0.000756411511153938 0.000758647076833029 0.00135593434220614 0.00139783064233432
0.00059694408936256 0.00108003475659083 0.00153994205845499 0.00118385979346231 0.000933519185781809 0.0012114716890665 0.00164671400390795 0.00172618115797381 0.00127952772321912 0.000950547924057465 0.000571045220601706 0.00114933939708468 0.00099503770038523 0.00104409421563573 0.00170286326145134 0.00121798850814902 0.00101393604042789 0.00093152009132111 0.000780520598558988 0.00123343418181589 0.00120185023856354 0.00102290288796909 0.000819642922035543 0.000802054482469761 0.00129882582306752 0.0015140245684765 0.00116122496332623 0.00131420488651201 0.00168407334040319 0.000710957922145548 0.000857395429479228 0.000573427278885955 0.000580401715850584 0.000997456794422667 0.00121162633625002 0.00120616767526592 0.00127985941700336 0.000742136720831541 0.000946535278405111 0.00133623897863847 0.000980522788901549 0.00128582836344606 0.00141466674091692 0.0010478512135019 0.000699946353829417 0.00155961677955266 0.00150385649999284 0.00104034897038718 0.00127848831491448 0.000568523545340841 0.000773108512091295 0.000605673162816707 0.00105448460831953 0.00176549891595379 0.000477622347944391 0.00131090640374978 0.00200339995988762 0.000437008291857919 0.000742704735944684 0.00089414933222499 0.000810935150473073 0.000736115501647279 0.000818378317696751 0.000988939863384757 0.000947280329255153 0.0012728825812099 0.000799277914572174 0.00111309107355317 0.000711954003723241 0.000492283396912702 0.00202036828587291 0.000782816638626437 0.00165504928086301 0.00134198789716192 0.00160449217006976 0.000689139751159923 0.00070471485504847 0.000954427643645108 0.00116284749722541 0.000696744520315846
0.00136268834691552 0.00190904612857409 0.0012487258321858 0.00107381680971791 0.000815571953476197 0.00096496801075102 0.00128813902496442 0.00127952772321912 0.00206525100068079 0.00100715435874851 0.000946632731054622 0.00106209292506123 0.00171886234346826 0.0008551367229539 0.00080842779809626 0.00115341184754042 0.000672324443754125 0.00128074616729511 0.000934042526558919 0.000723457466852378 0.00124468347183157 0.00124175465387589 0.000414924164821526 0.00156439218233922 0.000745361389879359 0.000529671891861471 0.00136628343093038 0.000933742737543134 0.00115002407835849 0.000819237156983412 0.00094015451454744 0.00157703573615964 0.000951291651425206 0.00132602725403333 0.000961581472684912 0.000854843959559755 0.00121543305063882 0.00121408088422286 0.00142320080193031 0.000633476011110032 0.00139197934747761 0.000968400991136592 0.000536430353167755 0.000862799213697809 0.00123977476263078 0.000758977351307184 0.00118125092537373 0.00220741041462342 0.00124708841722051 0.000992340933419026 0.000899819478843112 0.00113039748139821 0.000846671141130073 0.000857191105140044 0.000915591262791765 0.00127173614374946 0.001370932168629 0.000526136966741851 0.00192408543850222 0.00113058480469624 0.000813749336145652 0.000931513180748333 0.00117416928520163 0.000843001720782546 0.00109165422487033 0.00130699932271989 0.000787504931488369 0.000660321956234762 0.000869785260771405 0.000662097066838592 0.00166727808712013 0.000985469487737444 0.000808850448285507 0.000923132805286475 0.0011432463884808 0.00181822747355514 0.00173806418718221 0.00118255816853344 0.000846544022453113 0.00174815049825909
0.00100984562033157 0.00133959374340644 0.000869603725087793 0.00138276722002476 0.00105861408868204 0.000600023825487942 0.00117148098889525 0.000950547924057465 0.00100715435874851 0.00113535839012216 0.000785556078252369 0.000709462100811581 0.00137339613670828 0.00172622316129211 0.00111390834506729 0.00160378564084199 0.000899204371467441 0.00104510942120567 0.00182194802612314 0.00120253636782541 0.00168272865836324 0.00114383899426221 0.000807307162657863 0.0013405464716452 0.00108618517150413 0.000840788260180524 0.0011086528176441 0.00136324321456553 0.000729121569032463 0.00116526574769935 0.000936912613830195 0.00185793728477883 0.00107946708897078 0.00118746905666664 0.000883562169050455 0.000886464888269829 0.000909895750410551 0.000768491976272936 0.000886830003087239 0.00106237361794821 0.00114274070742631 0.000897754774401117 0.000906665983150048 0.00212305114698193 0.00110653946138197 0.000778280031605526 0.000825015722743971 0.0013874594675507 0.000967243348130702 0.000939698913891638 0.00109772539150906 0.00103678196532663 0.0011595882530449 0.000837686029751074 0.000777848354037229 0.00111142641512204 0.000827496715352182 0.000911869057035326 0.00129019324182489 0.000972004780565088 0.00144012581924579 0.000496155427269741 0.000755069772506557 0.00107687430440786 0.000604045280090867 0.000877847678658148 0.00103902462483719 0.00145675761912404 0.000797386153945711 0.000867834834467598 0.0010192385593511 0.00127909038318554 0.00152442555893246 0.000639411435856398 0.00100044040677676 0.00109043287270917 0.000851737420948034 0.00118081094289213 0.000672515779859621 0.00123807912118449
0.000839092497484579 0.000727205353202564 0.00072558243869484 0.00087864127114077 0.00153188505210805 0.000969140085224765 0.000839945308603077 0.000571045220601706 0.000946632731054622 0.000785556078252369 0.00275343400333287 0.000625656999957184 0.000779569622066004 0.00119973764947091 0.000797882915203707 0.00143271041768935 0.00116754450326267 0.00104502064062969 0.00163936467171391 0.00113008534578505 0.00101938834350696 0.00115914881226815 0.000777110653442784 0.000837557433184431 0.000912154897548743 0.000622243657094136 0.00110265699403947 0.000788671074106314 0.00136857306606348 0.00117848972602086 0.00102619616184513 0.00117948485319143 0.000771858326011006 0.00119334119632224 0.00101314499679312 0.00106107125556823 0.00327805155922596 0.00100746443114683 0.00143728400076447 0.00104507917092114 0.000894488942167368 0.000826932404983076 0.0016772671558983 0.0010982361477372 0.00113583621998342 0.000697840998022676 0.00197470432300521 0.00131576916550275 0.00117082288340514 0.00072243773337821 0.00121595647407267 0.00113812939980294 0.00093010998946812 0.00103710948485333 0.000702763627563455 0.000804304840227362 0.00128243801508477 0.000752435129809125 0.000917425339795706 0.00105442683108126 0.000964134385947822 0.00119109610148691 0.000751015427082197 0.000921273531919793 0.00108244979612556 0.000929628465168801 0.000868732693283495 0.00076884570730713 0.000678708799145946 0.00130549773844114 0.000765367794956705 0.000964373767464933 0.000368883356525259 0.000673573637776689 0.00129823219482682 0.00136030460288583 0.00119872587187547 0.00065176509931009 0.00111202306853858 0.000959045438293004
0.000775895703767044 0.00112373771699794 0.00081229106023334 0.00123064325208744 0.00130794271109535 0.00080940799196254 0.000963028287721389 0.00114933939708468 0.00106209292506123 0.000709462100811581 0.000625656999957184 0.00142767328556046 0.000702714616095414 0.000539323012968546 0.000841607141895399 0.00112404598995243 0.00123933742638679 0.000605974195910936 0.000724346560036518 0.00068157659514766 0.000861552424984307 0.000360931897219091 0.000584545935210396 0.000977705694229977 0.000659273471493261 0.00145214231372174 0.00125402330022277 0.000834313222934704 0.00100347404687953 0.00100884855373 0.000752083233659631 0.000998332279601714 0.000888246032738678 0.00109802051805802 0.000765991613769992 0.00105161944787319 0.00065469177442151 0.000687917829826759 0.000674094582387623 0.0020480935569332 0.000703168150071639 0.00107120423419915 0.000958829241414831 0.00149009924400939 0.000960303269399263 0.00102885408019356 0.00144467533237262 0.000984891616885768 0.000386936213288421 0.000810805789460678 0.00107961795006089 0.00132284630896872 0.001086247705019 0.00123656854241898 0.00118874777608762 0.00213609745752326 0.000718615624991506 0.000916781912564648 0.000937651441794534 0.00106810392898163 0.00137508486038177 0.000818064483135225 0.00121805192680452 0.000811222605895125 0.000720793376452316 0.00068748041229702 0.0022052574137188 0.00203388605873678 0.0011048641704627 0.00194538797574797 0.000984662168863503 0.000960360257203178 0.00200076880912083 0.000724595464609732 0.000993903324675025 0.00223110488403475 0.00120161384881139 0.00151197734582316 0.000937444492510848 0.00103695104242092
0.00132575395279402 0.00101578898973453 0.000523022590178602 0.000862556110002922 0.000908212677113892 0.0014216561463335 0.00295659111756579 0.00099503770038523 0.00171886234346826 0.00137339613670828 0.000779569622066004 0.000702714616095414 0.00261984545321477 0.000901393889496439 0.000770096059705106 0.00139562112092403 0.00140713512290277 0.00110198250145262 0.00107430380911423 0.000944164135593308 0.00113177135184527 0.000846412951835334 0.000833254145231673 0.000754550589899413 0.00125737529526206 0.00171402415661589 0.00153495846205064 0.000737126757698665 0.00135039771567773 0.000598835391415018 0.000695100731375634 0.000593843260468078 0.00125867425519846 0.000921945216959713 0.000919083134125302 0.000931318066734116 0.000995562579420691 0.0013096571540455 0.00131903664475866 0.00143714524259489 0.000601109738907944 0.00106144561004007 0.00116850819971947 0.000660525267457316 0.00126102476213067 0.00172557990335424 0.00129408973078069 0.00180161807147671 0.0006740775777458 0.00137812729867235 0.00157092989772717 0.000760382120128667 0.000698907560493326 0.000625756541403283 0.00103469005927766 0.00104416616160778 0.0012051676746303 0.00203127307807796 0.00132191454195328 0.00109925577719984 0.000692803619292922 0.000812250988496413 0.000748228763652233 0.000653955974355559 0.000538906930074841 0.000606611218011316 0.000695774557310172 0.000935043834505223 0.000839792662786865 0.000523694254458085 0.000994359875699488 0.00235529294596631 0.000685780309180941 0.00103126688205653 0.000955268643607409 0.00144483778196716 0.000966223134173444 0.00105298546115708 0.00182270589055273 0.000765361737026566
0.000791296106613062 0.000693204974276168 0.000912928794251935 0.0018169517526458 0.000767224639452781 0.00106417246072934 0.000654552420118679 0.00104409421563573 0.0008551367229539 0.00172622316129211 0.00119973764947091 0.000539323012968546 0.000901393889496439 0.00381956518968389 0.00140452348275879 0.00110687995877713 0.000499949885731882 0.00132446270447688 0.000727913955112402 0.000549427321753797 0.000543422629869301 0.00127540265798839 0.00104792263210601 0.000773933689858216 0.00084248077649986 0.000872652669808464 0.000899445299480791 0.000822091485564464 0.00104569924330963 0.00136890911977653 0.00131168503499277 0.00188326321902142 0.000828406132360982 0.00116388677609005 0.00123704475703657 0.000768729728347697 0.000444555817405381 0.000749481751045822 0.00106820798855073 0.00112827441229333 0.000952072388341883 0.0026457021585802 0.00069112988257049 0.00120778649101921 0.00113747440214178 0.000916565336346142 0.000986447161511398 0.00113954704351211 0.000969449631438761 0.000896667497682377 0.000763758647959245 0.000899765399925379 0.0012962507207175 0.00186806679197871 0.000838615461194703 0.000661800328844717 0.000751580317157111 0.00071043636610667 0.00136084476668339 0.000981604967357009 0.00117047311681498 0.000934265488509703 0.000838769758705361 0.000876786412956616 0.00112225113191708 0.00102751849683714 0.000489005040942998 0.000997651200517649 0.00111278314492764 0.000985055206948079 0.00100732554080132 0.00325588939623432 0.00127651559305818 0.00157991936950073 0.000913987540649533 0.000793777028576844 0.00103502152287102 0.000672011004383897 0.00132320287170287 0.0010618699009927
0.000578500084068293 0.00134629838834373 0.000860903028771174 0.00108202358586614 0.00134882358615952 0.000737777731180869 0.00116237105022848 0.00170286326145134 0.00080842779809626 0.00111390834506729 0.000797882915203707 0.000841607141895399 0.000770096059705106 0.00140452348275879 0.0016466099841826 0.000966124465077197 0.00152288666968575 0.0010744968701664 0.000875013149608987 0.00115918784657849 0.00112776097454557 0.0012150043747724 0.00105631081689128 0.00111141498376143 0.00165297038818672 0.000712060289113558 0.0012029088818019 0.00111561915160218 0.00127039815177899 0.000621019367013242 0.00120888316426717 0.00178833405298447 0.00105668363557383 0.00153463535968898 0.000705251422460136 0.000906548995845486 0.00105627422147323 0.00247951588498394 0.00068280539265225 0.000910330915514239 0.00124025482767376 0.000865885560266337 0.000509283614516061 0.000856686252146599 0.00151909214616676 0.00144188820795667 0.00152909468310457 0.00105977586746488 0.000769076751858115 0.00105097430002324 0.000418435304328269 0.000654656714335346 0.000733429952240225 0.000566197889546493 0.000820442934049482 0.00114204525382615 0.000711408502372423 0.00110444907107668 0.00109021283004506 0.000597226224032829 0.000754970156156829 0.000477115506209751 0.00121579610420197 0.000795087505929436 0.00138169779926428 0.000950274845853817 0.000709900035730455 0.00107570051558252 0.00125688667397159 0.001152627715004 0.000751203554505404 0.00112133514377228 0.00124918447237667 0.00124286156066246 0.000996287967227706 0.00144232221536296 0.00112465245626994 0.00127194558711739 0.00137279161622302 0.000571876527138008
0.00185362368713431 0.00124266318078273 0.000947087424152976 0.00116111897389581 0.00144458151019538 0.000788248440277103 0.00101255333762021 0.00121798850814902 0.00115341184754042 0.00160378564084199 0.00143271041768935 0.00112404598995243 0.00139562112092403 0.00110687995877713 0.000966124465077197 0.00174622763134692 0.0013456570302271 0.000765132416456681 0.00142148905909303 0.00157197835861108 0.00129246196945805 0.00090563749921197 0.00101668908138573 0.000638640488396838 0.000763134575666616 0.00120202321456947 0.000729302618135432 0.000747779671811974 0.000892965403164066 0.000939957707562163 0.000488119903659956 0.000698032754352208 0.000988401528672902 0.00121747245253148 0.000766601377396797 0.000723509949169859 0.00125026216826437 0.000909471180163483 0.00144800773192253 0.000930357530833901 0.00130943710752568 0.00046085378420381 0.00133256474285084 0.00131377477875431 0.000783571786684977 0.0012907478572804 0.000734242845172336 0.000794859382083326 0.00115728989198815 0.000972163851584547 0.000848238598127605 0.000851236019930227 0.000720927623632086 0.00113073734369843 0.00101510675424613 0.000972652900627439 0.00127365478113297 0.00101483668233208 0.00194180191438861 0.00107361463338175 0.000551695287750384 0.000838523019344269 0.000945713848401233 0.0013241136405831 0.0019977066300189 0.000833854941901733 0.000680957975926443 0.00121872150467213 0.000679447745201158 0.000801919690562715 0.00096917211720761 0.000899915480573607 0.00100756832593191 0.000691544721862735 0.000596955312365145 0.000973030388765272 0.000669148592219697 0.00138297927734696 0.000670629483946556 0.00102227519494647
0.000938812076662332 0.000958149440344558 0.000514865268667922 0.00072914985860658 0.000532630068753789 0.00152246329998491 0.00144530821619923 0.00101393604042789 0.000672324443754125 0.000899204371467441 0.00116754450326267 0.00123933742638679 0.00140713512290277 0.000499949885731882 0.00152288666968575 0.0013456570302271 0.00271585834047423 0.00113885697599627 0.00137194636887187 0.001053255993812 0.00120990201902764 0.00101868170780085 0.00140277876524883 0.00101016111065328 0.000856713734539548 0.000846693100759425 0.00107358296862496 0.000695855108525559 0.000845822791948605 0.000700700080812761 0.00134119216167939 0.000763895218755997 0.00147707217863155 0.00157101023155077 0.00123381055060262 0.0007502156245497 0.000985769080578712 0.00081018643223546 0.000881871356077003 0.00120262799903028 0.000901901328490466 0.00143502191028005 0.000941096935900307 0.000804410681682455 0.00111908378408836 0.00052536068138866 0.00140111612409739 0.00149304803202851 0.00140914354942993 0.00177248685884833 0.000803230291303448 0.000745227464960159 0.000548224905112676 0.000844846067658073 0.00134927874962215 0.000757933026201052 0.00103930194778743 0.00103235980613029 0.000767852549265755 0.00100934467795968 0.0011638658414107 0.000980206797730174 0.00092524455511007 0.000642473062992872 0.00110194054360763 0.0013289543348296 0.000718433892339334 0.00101166013683055 0.00112169063275387 0.000819358632376925 0.0009299931376804 0.000791258754313494 0.000760447814308481 0.00116526586317311 0.0012882244955825 0.00116334024780332 0.000878312849172355 0.000695039366241907 0.000659757790297566 0.000693404780511575
0.000709211458577023 0.00211288863574781 0.000851007983101876 0.0015222175826464 0.000994327314344335 0.00123433320001672 0.000873237851253269 0.00093152009132111 0.00128074616729511 0.00104510942120567 0.00104502064062969 0.000605974195910936 0.00110198250145262 0.00132446270447688 0.0010744968701664 0.000765132416456681 0.00113885697599627 0.00155427700588822 0.000512957232006719 0.000741402177065749 0.000697013721425754 0.0010223672932317 0.00112432118728392 0.00110298322409509 0.00115586084476557 0.00132548182911968 0.00131505167684909 0.00184377445409906 0.000510005171706127 0.00146834495456305 0.00097931996686976 0.00107872994362614 0.00152521228464593 0.00102528015533623 0.00122676314991882 0.000969544919482063 0.000592846274675174 0.00070888581461169 0.000732283169686453 0.00195395765710015 0.00133488554016246 0.000619770868313492 0.000966290020864896 0.00140536358707722 0.00099307444446928 0.00128154472241886 0.000939952727539901 0.00169678482064357 0.000479142402741739 0.000749570149010501 0.000786295055619826 0.00100029565276975 0.000858247971998795 0.000770575148498404 0.000767202818286105 0.0011525714291019 0.0012405372646742 0.00121701287472764 0.000579688582252456 0.00129183600400885 0.000801443043120767 0.00172552721665077 0.00146365988392041 0.00109202861576375 0.00085441412963708 0.000579378985981677 0.000809796230081323 0.00230538162779473 0.00162317994130587 0.000784720015211588 0.00122054993911127 0.000955090220861361 0.00192310425926452 0.000628649126620982 0.000849870698844503 0.000625814213691104 0.00183991961431066 0.00105997612119534 0.00100801090286511 0.000772122329503542
0.0019285178690825 0.00153968303414667 0.00119426799728594 0.000990084366970425 0.00224732992523499 0.00105221881557517 0.000810782679521987 0.000780520598558988 0.000934042526558919 0.00182194802612314 0.00163936467171391 0.000724346560036518 0.00107430380911423 0.000727913955112402 0.000875013149608987 0.00142148905909303 0.00137194636887187 0.000512957232006719 0.00123296894730243 0.000900686349913186 0.00104429327357995 0.000960335128895722 0.00109298208898377 0.00051645009713623 0.000925152924594506 0.000543620679165679 0.000709732859184309 0.000468244738443899 0.00142656341842071 0.0011146278511361 0.00130714540579424 0.000789192419876917 0.000678512913625254 0.000649410114098681 0.00114351632623107 0.00177551832465619 0.00110089251643346 0.00165823608967775 0.000642356703227527 0.00101026754980504 0.00108028052397761 0.00125391341445639 0.000863733687736428 0.00172281199495607 0.00103506522683861 0.00143392196457228 0.00104536393894247 0.00138507734782981 0.00101458083326584 0.00121482492272234 0.00152960520163651 0.000698771797147214 0.00116217795422434 0.000930896066583615 0.000842390504018756 0.000806632856805224 0.000469611218053737 0.000708861398741801 0.000969100714862659 0.00145485840560604 0.000462130104686368 0.00148194897639764 0.00132060316245577 0.00137649865527928 0.000820817336848198 0.00154450010164016 0.00152777087575761 0.00148105680728224 0.00189289690878032 0.00129827304987229 0.00189290222399813 0.00124951451627598 0.00078057769131935 0.000948862763692607 0.00105726183214653 0.00195474743917717 0.000836707915035998 0.00112689776404583 0.000962179481553525 0.000987884481388119
0.000657978247352932 0.000760727836022063 0.000803041431020573 0.000889441219008794 0.000991575252136922 0.000600107807342592 0.000780162853738455 0.00123343418181589 0.000723457466852378 0.00120253636782541 0.00113008534578505 0.00068157659514766 0.000944164135593308 0.000549427321753797 0.00115918784657849 0.00157197835861108 0.001053255993812 0.000741402177065749 0.000900686349913186 0.00197841293140127 0.000559317769791387 0.00163617944257401 0.000868109610945781 0.00109496007425217 0.00113018972220674 0.000802547659672855 0.000759734962654246 0.000464852332412344 0.000728090243194795 0.00181497961475709 0.00142654818520287 0.00104284446001872 0.000605047066453115 0.000887694002994463 0.0014599154642626 0.000811917821519378 0.00063059401187613 0.000871616450583457 0.00208067467650859 0.00194216652145202 0.000981959054165704 0.00105092062687252 0.00122191695191886 0.000961968025598759 0.000746936987769785 0.000674100640583623 0.00109089962308785 0.00127933249974312 0.00105098340394217 0.00117301806370358 0.000774758282234558 0.00128637277874154 0.000751889134202617 0.00127956075905571 0.00112759685429147 0.00203437580241405 0.00132355708671555 0.00106521227948684 0.00138658987732999 0.00163751835464711 0.000608482396659284 0.00119819251267936 0.00113302991905775 0.00130347592347174 0.00118041002126742 0.00129047508090225 0.00102104427022226 0.000836399947028844 0.00104943228664544 0.00177062791363099 0.00114296689384247 0.0010540977632784 0.0012988382322297 0.00121174275882518 0.000810939682115226 0.00071544231748954 0.000991308104462466 0.00100494314377937 0.00078619941186791 0.000694271895810752
0.00178381372158803 0.00121689435997503 0.00100558673287647 0.000619018143757812 0.00194753934562934 0.00126159275343875 0.00109593377158067 0.00120185023856354 0.00124468347183157 0.00168272865836324 0.00101938834350696 0.000861552424984307 0.00113177135184527 0.000543422629869301 0.00112776097454557 0.00129246196945805 0.00120990201902764 0.000697013721425754 0.00104429327357995 0.000559317769791387 0.00224214412986418 0.00160300062073074 0.00115513593448596 0.00159314314517323 0.00069741307498783 0.000877370716743251 0.000677214276984245 0.000651519606824264 0.00165886000439352 0.000604517104231124 0.000680926061521728 0.00102166415077924 0.000819554741413873 0.000618000444403288 0.000550951016166348 0.00104709097870659 0.000787230543139725 0.00133186803191694 0.00171363569791428 0.000567985792233044 0.000707505053502661 0.00105217270455184 0.000582711185393048 0.00100259953069238 0.000870349339114905 0.000915039598435051 0.000805761501191927 0.000693918168322108 0.000867301730025593 0.00144263501065625 0.000618030220568494 0.00102238620346026 0.00166541710060799 0.00096831859641056 0.00103470396637744 0.00127059025647442 0.000667154081436594 0.000928554297093027 0.00131543778031966 0.000800038949870799 0.00188012351006245 0.00137625447613514 0.00102891076515237 0.00138586044978196 0.000516871485893561 0.0015274635437125 0.00064166583852923 0.00103822067510752 0.00102506482119731 0.00128394063692012 0.000677418674187876 0.00120120199191133 0.00117199220943275 0.00100846600727356 0.00118843918771509 0.0010216571084443 0.00102010804854335 0.00141332150935576 0.00132148094886863 0.00107316214667984
0.000686240577092101 0.00110294812855144 0.000678339539499648 0.000882948405733233 0.0012581767147413 0.00154460645445716 0.00101551344566295 0.00102290288796909 0.00124175465387589 0.00114383899426221 0.00115914881226815 0.000360931897219091 0.000846412951835334 0.00127540265798839 0.0012150043747724 0.00090563749921197 0.00101868170780085 0.0010223672932317 0.000960335128895722 0.00163617944257401 0.00160300062073074 0.0019353141789522 0.00211963191615011 0.000941765139364384 0.00120857789148539 0.000543736411274855 0.00108907290312496 0.00113913219404015 0.000965091243332214 0.001470169495821 0.000822320589801724 0.000529977217344074 0.00108811930155934 0.00175435979139903 0.00119336713288008 0.000857840496470788 0.00112302536106899 0.000966819653073123 0.000568959063643927 0.00136607548621921 0.00079950638105296 0.00103947957009975 0.000862496258329256 0.00093587011785459 0.00104449746925935 0.00131082059716794 0.000946966150795941 0.000813525977067082 0.000740213194701038 0.000901832664184338 0.000926008776678522 0.00088146745427373 0.00104831785363889 0.000637048985209751 0.00124830792187556 0.00134597023686684 0.00133069749244496 0.000749306196275645 0.000972654943414656 0.00114468290383015 0.00110555412454557 0.00112926588502057 0.000975172802440698 0.00124702548879354 0.00109083172450412 0.000760107506639864 0.00107836592429903 0.00105902994449139 0.00142320891066118 0.0010949500494216 0.000942937926029207 0.00100743940568659 0.00114546910677015 0.000845112398590567 0.000624606142113201 0.000774832205056193 0.001002455716257 0.000930840693060446 0.00132519832250474 0.000771686082269787
0.00186039512943965 0.00102853953374644 0.000637233933812014 0.00199012863718779 0.00197806494100142 0.000552001414888188 0.000669130179954721 0.000819642922035543 0.000414924164821526 0.000807307162657863 0.000777110653442784 0.000584545935210396 0.000833254145231673 0.00104792263210601 0.00105631081689128 0.00101668908138573 0.00140277876524883 0.00112432118728392 0.00109298208898377 0.000868109610945781 0.00115513593448596 0.00211963191615011 0.0017334135897203 0.00100218630357356 0.000788716852780923 0.00132514865030867 0.000835540966631728 0.0011221325880342 0.000913520234302149 0.000595756906927516 0.00108799915657825 0.000977493162800825 0.000737517992480859 0.00121445802294069 0.000784886606180012 0.000830750652704734 0.000798074385789364 0.000587660159416801 0.0010820472655652 0.00182061885020735 0.00119895142257494 0.00180231957041894 0.000781759223261519 0.000751057008113953 0.0010436347301074 0.00103241647885782 0.00130008552727378 0.000976101249870308 0.00106693508106899 0.00103029223282378 0.000889892992256927 0.000930935722227819 0.00100302470501287 0.000981024355964258 0.0012317314658585 0.000990073114949192 0.000990373341277394 0.00067154655963514 0.000532906433747147 0.000948411895182775 0.000898479972496645 0.00114290367121821 0.00148224563953155 0.000802053266518664 0.000807267245787416 0.00114127954333014 0.00127255010083914 0.00163292345065356 0.000872346082856257 0.00075681679109209 0.000955486400843561 0.00133989394736967 0.000708971993345509 0.00115496093583377 0.00110321634557908 0.00122439754965978 0.000993593202790799 0.00100322584102453 0.000787985058466118 0.000840038123394319
0.000789415914475665 0.000985662808558429 0.00064553408476844 0.00160975572562837 0.000719075701769484 0.0011273538003501 0.000689059132951823 0.000802054482469761 0.00156439218233922 0.0013405464716452 0.000837557433184431 0.000977705694229977 0.000754550589899413 0.000773933689858216 0.00111141498376143 0.000638640488396838 0.00101016111065328 0.00110298322409509 0.00051645009713623 0.00109496007425217 0.00159314314517323 0.000941765139364384 0.00100218630357356 0.00534017857449898 0.0011915135616598 0.00127964048975554 0.000969980754362672 0.000629239987471473 0.000496181521491738 0.00100443088994072 0.000586669028522628 0.00146622149887586 0.00072620550567208 0.000917710508235235 0.00101350327588394 0.00124112721208276 0.00113147432211118 0.00111428572391614 0.000794651215213066 0.000539092350368599 0.000827698683403149 0.00121446683661731 0.00112244015815657 0.000784206889462303 0.000660315396975736 0.000733046478508239 0.000828142863035672 0.000773577650285498 0.000913724839511052 0.00125911320646842 0.00130950032943498 0.0010172015008147 0.000964873609825231 0.0010347505303389 0.00077536503067291 0.00109927212893787 0.0013825471925119 0.00267129669123477 0.00139541056016145 0.00057710918932743 0.000883947513956436 0.00104958233816604 0.000970908989229207 0.00139512171557868 0.0017481939460066 0.000929803305677316 0.00145058577229296 0.00129341452648486 0.00190308095585062 0.00102787441088193 0.000735894535601855 0.000707010016570985 0.0011641352015795 0.00133533854242159 0.00120410384767207 0.000759967997182208 0.00106952467655422 0.00147950808644025 0.00082971419147922 0.000891317876445582
