0.00204261790727786 0.00108159138479237 0.000606437729723471 0.000886208953828599 0.00143323565533287 0.00104219824734619 0.000894657866926584 0.000751158372143307 0.00057205154234832 0.00111909477157112 0.00088467607729767 0.00064127659151036 0.000931918144229821 0.00118890940035036 0.00113277457585765 0.000644275783861041 0.000907051653661889 0.000970873516361918 0.00124922219559137 0.000808300456610125 0.00140017397924873 0.00128181659641588 0.000984836245236867 0.00102947792792045 0.000538573809497336 0.00076904557647674 0.00103128493102 0.00063864004583483 0.000516149722083202 0.000739011198603768 0.00135176839610292 0.00106065123399598 0.00163550249799091 0.000645369736137511 0.000841556978375216 0.000950662767157568 0.000833361135017255 0.00103483827599294 0.00131509842042562 0.00124672630385332 0.00120165764335582 0.00104440310551778 0.000769221534540622 0.0010410657477086 0.000956319735029215 0.000955542868539256 0.0010250931814227 0.0011947934180695 0.000932333943916424 0.000468420784219214 0.000768388812207254 0.000528063892094426 0.0010065273419922 0.000474008444001544 0.000731904635991813 0.00110865114891244 0.000790763548199363 0.000920512464624162 0.00048330027036913 0.00105351633928859 0.000812005591885986 0.00148722967931665 0.00110389536417417 0.00125004632000601 0.00111853442715494 0.00116784026873884 0.000674030194559037 0.0011649994971277 0.00112984711678294 0.000811404351104459 0.00111943726292326 0.000965980471963437 0.000910666713380418 0.000643364380529985 0.00107783677367625 0.000524861387336436 0.000701726073575278 0.000970419951088732 0.000911037535350245 0.000959366690676374
0.00108159138479237 0.00108258182412177 0.00131110279176944 0.000996840654855455 0.000805139934106252 0.00108702089127261 0.000633889761652758 0.00105438378705435 0.000508071792332567 0.00137311996708658 0.00108453625122436 0.00170303731704471 0.000715860456387051 0.00148919113707509 0.00150183392146492 0.000861524252313409 0.000747186173133489 0.000806426570807568 0.00174279548492789 0.00119114093504005 0.00113274804811292 0.00102329438799697 0.00118998301256775 0.000852722851111631 0.00064264287147137 0.00208104084781826 0.000706147368268607 0.00115273420037174 0.000487703917292821 0.000780269050717324 0.000830299043139134 0.000450094924261137 0.000561431066852834 0.000860090334991076 0.00141231368190922 0.00101619720714664 0.00194386581407883 0.00103965296564957 0.000589049633656062 0.000959453579863765 0.000664162657562007 0.000913851028120299 0.00186300404221482 0.000788374466989673 0.00154757789892742 0.00122673395380742 0.000781070567261299 0.000843216853454626 0.000825489297145196 0.00100700135683762 0.00104533345232994 0.000907701938282735 0.000928838404320755 0.000875207814724363 0.000775023249437821 0.00156244001824806 0.00133379942607868 0.00103635439807636 0.00101638214504906 0.000733170241462325 0.000986797972301266 0.000623088142710668 0.000989414034149739 0.00114132005235424 0.000730719573413484 0.000647250419143993 0.0012529598606671 0.0006281843943538 0.000695775019788603 0.000814888578119561 0.00135082790567755 0.0015641226523898 0.00139902076412352 0.000883579988662954 0.00105369942584582 0.000736729578202912 0.000859346069546293 0.00124806839415301 0.0017261569782031 0.000656424026681468
0.000606437729723471 0.00131110279176944 0.00273145946495668 0.00137924351702648 0.000954275571724799 0.00113316878928824 0.000755915849787078 0.000972123884128086 0.00158978344691462 0.000814119927366139 0.000886225329468182 0.000841540625902054 0.00121921635467515 0.000590127245297736 0.000969411437135941 0.00117988257751993 0.0010490817369327 0.000861760722900612 0.00144247200292886 0.000550807061014459 0.000848537635116249 0.00239919627384761 0.00107209040027703 0.000911310540556672 0.000976555097619092 0.0011747630841114 0.00111034602090686 0.00106484637651502 0.00113669392273929 0.001276496019826 0.00139378818128135 0.00191537730859859 0.00127001560975004 0.000753545956677344 0.00134294760342927 0.000520927354518858 0.00133226950524535 0.00126894967113506 0.00145493733281877 0.00101343264017389 0.00101913781441659 0.000835574792568404 0.000924806330156909 0.00126605570259687 0.0015616266006363 0.00105749707013912 0.000911400645081219 0.00108092313658328 0.00060600588864365 0.00124935895926663 0.000747834821416115 0.00088791542675018 0.000967236181004977 0.000972622190812902 0.000612340130707959 0.00109817223673845 0.000695627275968868 0.000452522619284848 0.00061756637917079 0.00100168363546016 0.00100980306540513 0.00128578899119103 0.000851885328483579 0.000781545805365756 0.00131648482470961 0.000983101364375566 0.00115911261699575 0.00166489500965752 0.00064549670788007 0.000945809444284778 0.00110111853558289 0.00129625239382781 0.00106447532909312 0.0012451173310493 0.0010512391972087 0.000680567862804858 0.000781756920318355 0.000790069803196506 0.00210779073694887 0.00107146523735242
0.000886208953828599 0.000996840654855455 0.00137924351702648 0.00231029889000573 0.000972255155322705 0.00100890898551339 0.000674487225374896 0.000761598167969429 0.000656703171471078 0.00101914274562865 0.00112366164187338 0.000911996516759107 0.000928436999923122 0.00107703972273239 0.00114653002461879 0.000798993811527352 0.00112877054271868 0.00134290170846723 0.00224719416323937 0.00074453968649637 0.00080932885355899 0.00125914152789187 0.000971531612286091 0.000956176472275397 0.000825054892092269 0.0013668670202909 0.00153026010568818 0.00132978474859407 0.00111464108435137 0.000886216612766502 0.000652959901047076 0.000693778910157698 0.000582244747150346 0.00160341780053901 0.00112346600355021 0.00112735244024528 0.0010974982213247 0.000861838176443914 0.000796948535438382 0.000742764497761451 0.000754222863944657 0.00089261600313795 0.000719173758195231 0.00106238414781237 0.00122377011472021 0.00113426258882288 0.000574857823270886 0.00108817753600547 0.000851364442933688 0.00109574983666046 0.000723792348949236 0.000550462802799859 0.00110650364977113 0.00109742331030657 0.00136788707769636 0.00112744114065994 0.000497453720174554 0.000654327279150321 0.000969203138085115 0.000795131438230451 0.00117815084585033 0.000689289739064153 0.00116140924234786 0.00102127601019658 0.00116594100955849 0.00143399494573668 0.000515099183411754 0.000627375916611901 0.00117589001322563 0.00099608598570768 0.00104403142814568 0.000585522691565909 0.00119824137889138 0.00166211877317218 0.000570179260120292 0.000844702092077132 0.000560088908575384 0.000704316394523624 0.000851697365733769 0.000621848596472914
0.00143323565533287 0.000805139934106252 0.000954275571724799 0.000972255155322705 0.00164824133045783 0.00099434678191107 0.00100642130710687 0.000918653822182759 0.00133068135020324 0.00241597267517177 0.00131861324114797 0.000556071984305705 0.000768238380908995 0.000875403248258802 0.00128631699659891 0.000860624044610702 0.000921846775067349 0.000790075800506254 0.00101245927780953 0.000855944731455525 0.00072933341574375 0.00104719561433385 0.000706092818346988 0.000779958702733776 0.000561045759718373 0.00109826914699932 0.00114208833856844 0.00117474650572375 0.00120798186285065 0.00132851286806021 0.00135693530472845 0.00166061393181153 0.00147099190263706 0.00154293440537693 0.000853750914478252 0.000721664137570275 0.000562475167653925 0.0007615931756324 0.00123169549719096 0.00102591005532596 0.00120723015148605 0.00124365955827797 0.00131167200691056 0.000924639521251219 0.000890417151586928 0.00107590064365018 0.00124835378630014 0.000940268942296241 0.00105380697915168 0.000811977049304509 0.000855544835220841 0.000873956162256237 0.00108992931783234 0.000705497766247277 0.000664084761904911 0.00115847247706586 0.000829376006190179 0.00136616918616496 0.000777562932805219 0.00162296367676734 0.000874451473303628 0.00166534808665366 0.00187115801237234 0.000828252270286969 0.000722129883067248 0.0011414709009396 0.000977281519998113 0.00140151103197116 0.000999917998997392 0.00067943943555922 0.00139889448534227 0.00130872126917089 0.00130164830682811 0.000880427658491581 0.00112327640314291 0.00110780426965401 0.00112122832112092 0.00133539235479434 0.00199001281004641 0.000503164962147601
0.00104219824734619 0.00108702089127261 0.00113316878928824 0.00100890898551339 0.00099434678191107 0.002698931903305 0.00172229516503249 0.00116020975868739 0.00191764091921866 0.0015072269702219 0.00111934538517745 0.00108850759539202 0.00114223165867135 0.0010395958792582 0.00132209832126571 0.00100101293465143 0.000633320333748476 0.00114893961665459 0.00183273399039359 0.00122039468649163 0.000971837356084018 0.000677562541105849 0.000747653496486067 0.000690204187388271 0.000603521590607947 0.00112823360301518 0.00111940141557811 0.000879867239283655 0.00141346813715812 0.00140597786204732 0.00106608434764292 0.00188865234019641 0.00106577687036772 0.00117303552916087 0.000836984585828087 0.00101220012306179 0.00112191278162051 0.00124804958954677 0.00107271803485693 0.00119682802169413 0.000937511064562241 0.00176051190790006 0.000892961161388566 0.00133135715782068 0.000830518305004726 0.00121177885913691 0.00120532227410379 0.000550161386849157 0.00173995880993872 0.000949969595532131 0.00108963875566192 0.00164488365920813 0.000690120536858957 0.000547901517034516 0.000834060321934914 0.00133620803470203 0.000993983756113595 0.000768656569117768 0.00108310013542575 0.0012158541064669 0.000984507966773632 0.000789334689486471 0.000783346602331599 0.00125474259421869 0.00133438410753557 0.000947895845390826 0.00118137900263612 0.00170963952345868 0.00102879355828778 0.00039333040642889 0.000879292366031187 0.00159059267611474 0.00127165612645141 0.00131865938581624 0.00090877916921045 0.00120495910564036 0.00108202499188478 0.00163386941841219 0.00087966471359333 0.000833347819518543
0.000894657866926584 0.000633889761652758 0.000755915849787078 0.000674487225374896 0.00100642130710687 0.00172229516503249 0.00250381115249461 0.000744540725084515 0.000717833788438334 0.00104437283138255 0.00108208223538315 0.00146089795714642 0.000901104915469511 0.00100565294765941 0.000919806656734194 0.00123678854548228 0.00119446144128271 0.00110140205125772 0.000697215219648337 0.000551923362739342 0.000856687471817802 0.00159741465524381 0.00106837977983295 0.000926333022787146 0.00154268096644395 0.0013408548744202 0.00108119008303084 0.000831134968044717 0.000660051762848902 0.00128452913564808 0.00119069251074614 0.000705580305100599 0.000499783495807186 0.000734958709476362 0.000699133250684237 0.00147776545189129 0.000964153285525528 0.00131234742984073 0.00130976482832913 0.00119396030117257 0.00109909555068909 0.00139061346547181 0.000792856092834703 0.00103972735033113 0.00136884963374685 0.000721886010286901 0.000765551775738914 0.000924166106990209 0.000766187429800755 0.00148934043241474 0.000780530480110913 0.00131604562676637 0.000833695551505623 0.0010648744301434 0.00119908535376802 0.000497883339538467 0.00214000884695657 0.0011142590553532 0.00161106271229706 0.00127292227741258 0.000632464067191531 0.00076267362778595 0.00105344632209016 0.00131800547092617 0.00108458651874103 0.000783500302764469 0.001676666600015 0.00302390723555152 0.00126910841919806 0.00089652526840055 0.0010189365715858 0.000845793467703571 0.00177443508846939 0.00117769321559905 0.00107497572303338 0.000956303894284642 0.0010062030345128 0.000919210823111557 0.00123613655620219 0.000948982477894453
0.000751158372143307 0.00105438378705435 0.000972123884128086 0.000761598167969429 0.000918653822182759 0.00116020975868739 0.000744540725084515 0.00235224817704863 0.00119368747617593 0.00060440391835146 0.00142825345237134 0.000933756165947965 0.000924924836338735 0.00106403918818139 0.00101357848809293 0.000693513103142655 0.00205245939717933 0.00108354705660979 0.000755943301346321 0.000743197531412997 0.00109036397182313 0.00118503487948001 0.00158530946351339 0.000404418732520224 0.000922420508287761 0.000921919458276282 0.00058376389898476 0.00100651896213098 0.00106702821119183 0.000512822350402657 0.000963883323702788 0.00182887753074141 0.00162384489128457 0.0012047584104091 0.00127895544047643 0.0011773767147577 0.000979967170588883 0.000788005090176581 0.00126507624631867 0.00127435806102761 0.00053641907935643 0.000860125992278105 0.00121991271420527 0.000650926717785399 0.000903512888782623 0.00122592731745594 0.000933450849314671 0.0012794437020203 0.0013325274059468 0.00150475361828701 0.00064510033922205 0.000869087019446874 0.00092010655624135 0.000842417009173242 0.00113754148183403 0.001595601407117 0.00179507778267785 0.000886131718991523 0.00140351129361363 0.00120162071503513 0.0012942149842087 0.000883934454563883 0.000797364125457113 0.000842024910433906 0.00205142079380502 0.00125378044738741 0.000688835309219785 0.000983346005546619 0.00100779013041279 0.00197594887305513 0.00061937300748192 0.000769671759063465 0.00095112643574263 0.000499731427609831 0.000597233748881652 0.0011535041869059 0.00105009393568421 0.00118672325049925 0.00101495412676575 0.000837835235923993
0.00057205154234832 0.000508071792332567 0.00158978344691462 0.000656703171471078 0.00133068135020324 0.00191764091921866 0.000717833788438334 0.00119368747617593 0.00154617422485195 0.00125927675689917 0.000706126217540754 0.000962507064506626 0.00162084792950637 0.000961683231638334 0.000733062180364968 0.00110113288207669 0.000906111604770873 0.000510341090479857 0.00085266182848851 0.000830019390832094 0.00142757969072928 0.000999966599100511 0.00128069956242127 0.000934273244832897 0.00069582019342603 0.0014589605300908 0.00125253738781793 0.00145373147677713 0.00120195016503296 0.000878705679391704 0.000711269879833772 0.000826324893489861 0.0010956083429377 0.000748834945275484 0.00142848591522164 0.000769142277303946 0.00124842707899356 0.00146021969933379 0.00187877748027475 0.00104246178823592 0.0009981002661029 0.000781360250853482 0.00179120615301463 0.00133461586592492 0.000921648449343763 0.00118261393184624 0.00114322735937794 0.00131562541367574 0.000893871273894912 0.000927144373961315 0.000761475770554922 0.000972689725957934 0.00123904454545596 0.00111065843149462 0.000726480495909009 0.0010359074846283 0.000588244097580689 0.00125075134168824 0.000874305784927888 0.000909586707887352 0.000710395010818185 0.000528375255445128 0.00111336150250803 0.00158435722522525 0.000660276358922911 0.000563838311144538 0.000578215510538432 0.000684868698567095 0.00088448864935411 0.00116923670475136 0.00111803807607028 0.000917622731528879 0.00137947018215985 0.00053646133451207 0.000850674696901361 0.00116994580631981 0.000832170278230747 0.00109176359502339 0.000921376554595264 0.00103881344384261
0.00111909477157112 0.00137311996708658 0.000814119927366139 0.00101914274562865 0.00241597267517177 0.0015072269702219 0.00104437283138255 0.00060440391835146 0.00125927675689917 0.00205945798070489 0.000937649208437017 0.00191256318393978 0.00132766742782479 0.000899562326162093 0.00101331362673545 0.00158344938059882 0.00104778047092055 0.000633299722491187 0.000822108346842538 0.0020104836306402 0.00103015243204884 0.00138520072213894 0.00095147553568836 0.000985987458085098 0.000961870614292175 0.000661444334706307 0.00138141075074825 0.000977286946736077 0.00121473042950667 0.000742481812356974 0.000768676634832377 0.00106599488460981 0.00101972140367133 0.000871484476668167 0.000733223296819143 0.000559543974137005 0.000426590474192369 0.00108825341544756 0.001542572930911 0.000721588333398815 0.00134754535802036 0.000941747306934646 0.00058234044851022 0.000973988926486351 0.000906469457628285 0.00175477851126134 0.000598283608482684 0.00105737443551444 0.000683051142298635 0.00134604333736143 0.000723244511718091 0.000826120850025492 0.000984991146312719 0.000889502599880784 0.00150289141251002 0.0007359572008288 0.00103934732105668 0.000701773523653096 0.00100138598187942 0.000851441699911849 0.00112213965644116 0.00144391952598609 0.000956663275885729 0.00135598396742907 0.000640288885837884 0.00200016854870641 0.00263987061055583 0.000806160367925965 0.00101794781406737 0.000541983604328535 0.000660418500114314 0.00145835275050746 0.000924408574955629 0.00107613718614354 0.000718727303309237 0.00152015397680499 0.00121132491927987 0.000697651655101222 0.00141921530619935 0.000880675873167451
0.00088467607729767 0.00108453625122436 0.000886225329468182 0.00112366164187338 0.00131861324114797 0.00111934538517745 0.00108208223538315 0.00142825345237134 0.000706126217540754 0.000937649208437017 0.00245919434728777 0.000607002610984007 0.000781290918508115 0.00085176664949842 0.000994989713718207 0.000721964230776943 0.000728243994888191 0.000946200391145745 0.00081174814170868 0.00106097713226095 0.000722872334214391 0.00147579501784663 0.000724052252579794 0.00108109697416177 0.00144415002426087 0.00101496227356863 0.000852897338868034 0.00156942615354466 0.000762310448026006 0.000771057282772613 0.00101393799781081 0.000946437981155535 0.0010708672065606 0.00104781179857255 0.00218048868647017 0.00103655100181039 0.000850557681071095 0.00170090949909431 0.00149180035401305 0.00166362199713332 0.00107705362228446 0.000837415110891713 0.00101330235354417 0.00082047564851051 0.00149817805042219 0.00264267742748374 0.00166543846973403 0.00135142029315402 0.000884088308494422 0.000793252964609692 0.0021233921723438 0.000656527895191723 0.00117789223318246 0.000741089942702871 0.0011228759269875 0.00112624927506151 0.00133100680111836 0.00131937852479876 0.00104715426182522 0.000757706842077804 0.000877527086288698 0.0011423570100836 0.000514792157193659 0.000873779404650894 0.000569010881705508 0.00102702118403197 0.00134389417289315 0.000986801229131646 0.000633107502849838 0.000547275297144107 0.00103173414767084 0.00113024258971437 0.00104050858402719 0.00165987671079701 0.00114326811405277 0.00167223384630548 0.00217278299249906 0.00166112700200385 0.00105219652408022 0.0007672898952351
0.00064127659151036 0.00170303731704471 0.000841540625902054 0.000911996516759107 0.000556071984305705 0.00108850759539202 0.00146089795714642 0.000933756165947965 0.000962507064506626 0.00191256318393978 0.000607002610984007 0.000900231531570781 0.00146117799219342 0.00104966812509804 0.00111058356244904 0.000613562461333394 0.00131552886083449 0.000945911794870532 0.00103252509601608 0.000829711669393851 0.000766872967210075 0.00106491269760556 0.00122327218194538 0.000882296403520935 0.00119394424510022 0.00122307293643006 0.00113182040714959 0.00135616518146256 0.000586771173950553 0.00059849744846954 0.00183709401241963 0.00101879220253331 0.00123737044192573 0.00114231998632051 0.00161542772337364 0.00087830285219489 0.00190094273923281 0.000866504223594621 0.00133989220307098 0.000793203114458428 0.00139142570305048 0.000675548619097892 0.000783235671122401 0.00179899623877433 0.00139483631853419 0.000818503560054202 0.000774482099401198 0.000824070137173964 0.00103348545813537 0.00126502872274395 0.00207748568292471 0.000706733391504674 0.000597942315397586 0.00122347336467227 0.000997764935865813 0.00113618074289442 0.00103604868686525 0.000898175212259088 0.000640676248295355 0.00139764624598946 0.00134813136199128 0.00180946954900062 0.000692967070782787 0.00102703234975779 0.000896525572973541 0.000953740615178693 0.000795836161312774 0.00117033904792793 0.000802483999433582 0.000960045274159291 0.000988105236415865 0.00085321846131131 0.000799519308749615 0.000652140914238179 0.00110839823970315 0.00159293921087606 0.000707307129818968 0.00273082874762718 0.00206784434375445 0.000818579385392661
0.000931918144229821 0.000715860456387051 0.00121921635467515 0.000928436999923122 0.000768238380908995 0.00114223165867135 0.000901104915469511 0.000924924836338735 0.00162084792950637 0.00132766742782479 0.000781290918508115 0.00146117799219342 0.00401647526707556 0.00141986113115653 0.000738636021192205 0.000711945418750388 0.00124384400671702 0.00115620082782049 0.0013401401278352 0.00140853558272574 0.0025239859033542 0.000667360232285031 0.00118839057103148 0.000757511084905016 0.00117649836354405 0.00142605678004964 0.000496835102827436 0.00143431277956135 0.00102152188190477 0.00118166725970206 0.00126531769013557 0.00141530208847483 0.0011556668690463 0.00131627505045218 0.000872614383329686 0.000855206779647424 0.00133924098957726 0.000934210930597267 0.000878248328864214 0.00115936930315326 0.000965765576034953 0.000934007354896899 0.00117496585157151 0.00156637742534631 0.00153358759357664 0.00131842909914158 0.00105509223005688 0.00127923142596655 0.000970091265368978 0.00070585968207689 0.00123758996150485 0.0011189460155947 0.000936678772182296 0.00120177344587659 0.0014581692072063 0.00108908669249455 0.00197632193308963 0.00209080674866304 0.00122695898946973 0.00165032459680824 0.00204330886940554 0.00151331639767341 0.000999830490514403 0.00110588430558733 0.00111140770787652 0.000960268109667507 0.000932788519557217 0.00076568849540293 0.00115935040925033 0.000994797482387055 0.00100156073716113 0.000523695818004708 0.00105521996662584 0.000501624855599068 0.00164292483805039 0.000756159547678785 0.00121542279427562 0.00140351865480551 0.00127852345888721 0.000717713519106819
0.00118890940035036 0.00148919113707509 0.000590127245297736 0.00107703972273239 0.000875403248258802 0.0010395958792582 0.00100565294765941 0.00106403918818139 0.000961683231638334 0.000899562326162093 0.00085176664949842 0.00104966812509804 0.00141986113115653 0.00328948077377651 0.000839388936793378 0.00129383198310938 0.000669991021073355 0.000983326233804124 0.00143172356527958 0.00118960823077232 0.00106459991958019 0.00135812865963996 0.000626923701591914 0.000796372184044298 0.00106049484550631 0.000820491594804749 0.00120941375065628 0.000800998335291694 0.000676066940505216 0.00129562217929863 0.00127633002277199 0.00126831183153678 0.00089356065016897 0.000814931757520561 0.00076277730496699 0.000997383567261842 0.00117331112634474 0.00138848023332311 0.000868193474913928 0.00122064669314577 0.000958297112045195 0.00128638602725165 0.00158366668989459 0.00132366332534436 0.00113965911220829 0.000809953643946381 0.000701737074723816 0.00101099803277675 0.00144120164256148 0.000708767415026743 0.00110995261732258 0.00154201520200465 0.000978317984039218 0.00118958172962368 0.000790527153188839 0.000933552828854559 0.000985904365861412 0.000753944264004623 0.00167611719664672 0.00129602268472285 0.00147340200947286 0.000849028407443056 0.000384289663984729 0.000802849946575286 0.000954250235421221 0.00143049016307659 0.000737587605156744 0.00239422483346365 0.000962882154692521 0.00148231475942138 0.00154583411167549 0.00163829979287068 0.000713075955888651 0.00146377052481758 0.000949334413568245 0.000939447765358011 0.000844971583698894 0.000903752077833775 0.00104337657993338 0.000921038516750321
0.00113277457585765 0.00150183392146492 0.000969411437135941 0.00114653002461879 0.00128631699659891 0.00132209832126571 0.000919806656734194 0.00101357848809293 0.000733062180364968 0.00101331362673545 0.000994989713718207 0.00111058356244904 0.000738636021192205 0.000839388936793378 0.00300102431108326 0.000965689807876614 0.000813458429526202 0.000840933236834801 0.00105546764224742 0.000963065852597349 0.00123066333795057 0.000950566952792709 0.00115918568588486 0.00176083832519743 0.00139248298912825 0.000711683757833024 0.00179841783681573 0.00120050102783709 0.00118303985198133 0.00068355043301235 0.00118365746944585 0.000536958778402567 0.0015073251187606 0.000660094034171235 0.000849148725957081 0.00130064925531827 0.000977425276284073 0.00123269121947849 0.000572649347342283 0.000633550740321582 0.00114881800022839 0.00081605083665464 0.00202257642790733 0.00125480584401366 0.00140520546983071 0.000612118022063679 0.0011623136734125 0.000901657098454349 0.000471820909579322 0.00108059743538393 0.000975619196241561 0.000865815253230819 0.000770459717871792 0.000662407020337124 0.000955052280898439 0.00120667714671016 0.00107318537284673 0.00156132344633156 0.00115535714054633 0.000645471241935552 0.000866542491946381 0.00158261597203564 0.00096413934552449 0.00106288640292348 0.000614733636802088 0.00109036561869793 0.00108906790164464 0.00116879164864903 0.000499760672947703 0.000887989539637425 0.00210949982141477 0.000759207228814533 0.00217910584585694 0.000769149855010062 0.00106238765493772 0.000875780812412553 0.00090564331907454 0.000799823010596649 0.00139208395335715 0.000959881044923329
0.000644275783861041 0.000861524252313409 0.00117988257751993 0.000798993811527352 0.000860624044610702 0.00100101293465143 0.00123678854548228 0.000693513103142655 0.00110113288207669 0.00158344938059882 0.000721964230776943 0.000613562461333394 0.000711945418750388 0.00129383198310938 0.000965689807876614 0.00215109658150869 0.00114737301287771 0.00115471363166639 0.00112323806305943 0.000696751562653124 0.00103165968397638 0.00151112707421146 0.00106753753506056 0.000507965906289386 0.0015746023418108 0.00201692324949295 0.00147868874787671 0.00126332883570713 0.00042133080565916 0.00127658217025126 0.000958280439380354 0.00121174995059275 0.000727118143893697 0.000773914536526895 0.00063968887444016 0.000875882217492578 0.00102802930830196 0.000898860190841532 0.000987816975769634 0.00114074075433994 0.00148319055354306 0.000718313341584796 0.00133486880853683 0.00169749701193612 0.00226475627484348 0.000827191888711182 0.00040360031093973 0.00109850594475956 0.00169741414370279 0.00109060380156418 0.00198201063661301 0.00137581091719409 0.000959847367879542 0.000876776202100275 0.000829562050325618 0.000858240251960274 0.00192681973469927 0.000712077264370425 0.000852860539251617 0.00076932804843054 0.0011912157776637 0.000970532610327784 0.00108552982686968 0.000939334536549316 0.000811715857225193 0.00135290792807218 0.00149651556213232 0.000885822481834246 0.000842826750389978 0.000900503292760294 0.00140824480842885 0.000703992095151864 0.00101660558804541 0.000851498994318513 0.00103377608809353 0.000888339647770642 0.00141764716144527 0.000784847117368566 0.00112583177301922 0.000882854253841624
0.000907051653661889 0.000747186173133489 0.0010490817369327 0.00112877054271868 0.000921846775067349 0.000633320333748476 0.00119446144128271 0.00205245939717933 0.000906111604770873 0.00104778047092055 0.000728243994888191 0.00131552886083449 0.00124384400671702 0.000669991021073355 0.000813458429526202 0.00114737301287771 0.00163758988748858 0.000822535968223721 0.00133645600901748 0.00157566934335366 0.00165206220665549 0.00153237134570667 0.00101084674889449 0.00111903612361749 0.000849234253365853 0.00120426599612729 0.00145415186982387 0.000730827702740464 0.00171996197725009 0.000964325684828678 0.000491780785084348 0.00117115407979603 0.0006087664672864 0.000730043610848878 0.00146189923519669 0.00111338646817436 0.00104985537837728 0.00078418399899497 0.000830694300433215 0.00150949356810035 0.00109226410839891 0.000983269701319953 0.000958222378629557 0.00087156575084995 0.00110420553515767 0.00119807851385406 0.00119006772209003 0.00112010391784534 0.00133389540740288 0.000924578961069575 0.00094180499060773 0.00158766053696775 0.000891730319265561 0.00113240035161569 0.000816602291015326 0.000792431811493243 0.00118388479628105 0.000716377772437063 0.00106029847116702 0.00124927920343104 0.00131034766169177 0.000441537723089066 0.00105980897974508 0.00107994981622365 0.000849066779343613 0.000807135696903315 0.000905296848196093 0.00116534502398443 0.00101354422980482 0.00208330762203697 0.00093344570913907 0.00148038223636242 0.00129520553161832 0.00083094079092468 0.000933454767228491 0.00136294516101109 0.00148648709203509 0.00118338747752075 0.000638983333280603 0.00157351428703513
0.000970873516361918 0.000806426570807568 0.000861760722900612 0.00134290170846723 0.000790075800506254 0.00114893961665459 0.00110140205125772 0.00108354705660979 0.000510341090479857 0.000633299722491187 0.000946200391145745 0.000945911794870532 0.00115620082782049 0.000983326233804124 0.000840933236834801 0.00115471363166639 0.000822535968223721 0.00338588230977173 0.00057753677702335 0.000480479914587278 0.000845286718533633 0.000775073360601825 0.00137544677243506 0.00143257573849278 0.000718844305288292 0.00147667317097903 0.00119984234446257 0.00136324340551563 0.000990335972700931 0.00119555218063663 0.00142530803407306 0.000927081061585352 0.000928829423379372 0.000695938191059607 0.00112189146312378 0.00135187835009866 0.00109178995705791 0.000813965473850563 0.00157642970822177 0.00119310501827181 0.00101382214655108 0.00147664690091618 0.000711487315298868 0.0015275479840323 0.000919875797738521 0.00149298562357521 0.00146046336796944 0.000889154364634175 0.00107492801974151 0.000957238633676392 0.00179303319829945 0.00122419150092199 0.00144566876643306 0.000886794453046054 0.00110158169469573 0.000985220446521092 0.0013739293396448 0.00164126456876965 0.00114011063998434 0.00108065310875423 0.00133224698612364 0.00108529288584894 0.00120209725442982 0.000704255376761184 0.000747943030504657 0.000689188582942883 0.000878064524751158 0.0010847306694391 0.00102968581703985 0.000849483026388723 0.00143746298118862 0.00050927117388014 0.000646124494751419 0.00081109945183964 0.000907563652723961 0.00133594538517688 0.00115907499072722 0.00133376492223882 0.00117849542583002 0.00142247383441341
0.00124922219559137 0.00174279548492789 0.00144247200292886 0.00224719416323937 0.00101245927780953 0.00183273399039359 0.000697215219648337 0.000755943301346321 0.00085266182848851 0.000822108346842538 0.00081174814170868 0.00103252509601608 0.0013401401278352 0.00143172356527958 0.00105546764224742 0.00112323806305943 0.00133645600901748 0.00057753677702335 0.00129042776203698 0.000683796957197274 0.00130059697336647 0.0009377204225694 0.00152058104331472 0.00146181471383477 0.00176111751488637 0.00192925382702281 0.0017476417136045 0.00122677491659204 0.00115966296326863 0.00102052088390834 0.0011654126749766 0.00067660336437539 0.000550647778671385 0.000918789236198657 0.00085740754792893 0.000954488775937035 0.000968096490790854 0.000705197509467024 0.00133444796198894 0.000616620100634152 0.00113220498953013 0.00164007823263921 0.00208947811896237 0.00212555886649363 0.00065498208338914 0.00114599251215487 0.00150382633759351 0.00100841555449282 0.00124812786420485 0.00115916817299238 0.000849966681167686 0.000632589039193996 0.00128215501267052 0.000759225857589624 0.000691037704013515 0.00155189849457481 0.000747252920423006 0.000999210403393849 0.000848618715416785 0.000573156856898565 0.00100720087767642 0.000684724037857133 0.00127378561114541 0.00153162605501596 0.000924382422639078 0.00132848963072652 0.00141327745049823 0.00072565709512977 0.0015347062770804 0.000593795074719414 0.000631226721338557 0.000728384579318713 0.00118873711587959 0.00144183225711831 0.000846767915837697 0.000707460544918505 0.00105622784588892 0.000973702794311244 0.000550111991084997 0.000902166681224217
0.000808300456610125 0.00119114093504005 0.000550807061014459 0.00074453968649637 0.000855944731455525 0.00122039468649163 0.000551923362739342 0.000743197531412997 0.000830019390832094 0.0020104836306402 0.00106097713226095 0.000829711669393851 0.00140853558272574 0.00118960823077232 0.000963065852597349 0.000696751562653124 0.00157566934335366 0.000480479914587278 0.000683796957197274 0.00144602026972589 0.0021989686135465 0.000769236698051414 0.00073300096395009 0.000701185558120804 0.00264127902844775 0.000715610628115617 0.000993901477600259 0.00221328427976894 0.00119292570323361 0.00207733316264742 0.000484425731603373 0.00113888469246736 0.000595850393132136 0.00120887293988223 0.000831501529487906 0.000575659903727714 0.000667575444191994 0.00181150889572431 0.000990947308344573 0.000801633203959395 0.00110193800470801 0.00107961201447051 0.000606341064153212 0.00150328788010252 0.00132076204179606 0.000715283368094914 0.0011448189485364 0.00113778487005021 0.00072775981764063 0.000951212678412151 0.000671492537064628 0.000961015222289865 0.000846381682498907 0.000819249177436769 0.00125933594575725 0.000518594444020685 0.000643731981953064 0.00097888074536972 0.00109065640510081 0.00144398990690422 0.00144083235710592 0.00121528869270084 0.00119529697449203 0.000623706056432701 0.000957993099962136 0.000578741006920009 0.000939706566613533 0.000614052183790435 0.00119316005439947 0.000759157140383576 0.0019348988993104 0.00159319103116104 0.00081179410406998 0.0011457293284445 0.00130395693116963 0.000569237016674121 0.00137217237034921 0.000914420569216934 0.00127394896001029 0.00113797419572247
0.00140017397924873 0.00113274804811292 0.000848537635116249 0.00080932885355899 0.00072933341574375 0.000971837356084018 0.000856687471817802 0.00109036397182313 0.00142757969072928 0.00103015243204884 0.000722872334214391 0.000766872967210075 0.0025239859033542 0.00106459991958019 0.00123066333795057 0.00103165968397638 0.00165206220665549 0.000845286718533633 0.00130059697336647 0.0021989686135465 0.00139817065039099 0.00068604092019544 0.0013464750745195 0.00108151475272866 0.00070150649688882 0.00124216639912905 0.000632827421995023 0.00113510930140978 0.000945308896507475 0.00119835382528466 0.000858167031566566 0.000961477498474908 0.00121241226879786 0.00104205253312742 0.000835105802367084 0.000649518423738242 0.00109349314464465 0.000710892703183471 0.00071010841867118 0.00141240485198451 0.00146894333100548 0.000555352306581616 0.00126998182931402 0.000878703699493252 0.000844146318757456 0.00129179458291317 0.000999697176688283 0.00126565976738052 0.000870272229023782 0.000975176855792813 0.00148608183428528 0.00100712759207917 0.00116326015088557 0.000888465137530977 0.00105253773134538 0.000742937952408071 0.00113684996514255 0.00089549555356168 0.000714980955937089 0.00107075609594281 0.00109726708216844 0.00075525116020141 0.00103974587526862 0.00106122598222944 0.00105461531247712 0.00167821196924763 0.000713062629698621 0.00076230118559622 0.00102602900782554 0.000833349639638176 0.000814250767336993 0.0014379886355877 0.00105654601228735 0.000676093271952131 0.000613897682923771 0.000899932542821976 0.00158993236169885 0.000775979249655885 0.000827280768586547 0.000713422079878691
0.00128181659641588 0.00102329438799697 0.00239919627384761 0.00125914152789187 0.00104719561433385 0.000677562541105849 0.00159741465524381 0.00118503487948001 0.000999966599100511 0.00138520072213894 0.00147579501784663 0.00106491269760556 0.000667360232285031 0.00135812865963996 0.000950566952792709 0.00151112707421146 0.00153237134570667 0.000775073360601825 0.0009377204225694 0.000769236698051414 0.00068604092019544 0.00136052358539051 0.00139073922708694 0.000880220229596479 0.000862321603879233 0.000639723091181898 0.000791566852637741 0.000888833858831752 0.00113840524287495 0.00130678230441558 0.000749706981766261 0.00106973167819998 0.000979614287472673 0.0011863158498369 0.000617768725299006 0.000709009818160528 0.00158357927231412 0.00103202153739622 0.000990719735071208 0.00084179085002985 0.000714276137691504 0.0009550226774048 0.000593678036976958 0.00096675864830178 0.00113677894200869 0.000558360335912372 0.000694981480220673 0.000787186594443992 0.000725208855514488 0.00040168214811951 0.000563160522719121 0.000708376802867683 0.00127568509805081 0.000871031814313981 0.000807944170702635 0.000801843686830675 0.00101571752265336 0.000860717579824193 0.000880136049618829 0.000855411913699939 0.00139767031201081 0.00065882126819509 0.000754037934221544 0.0010909576801903 0.00139821673671565 0.00124932423166926 0.000875137777697816 0.000856504522082023 0.00088137764160353 0.000702770659550272 0.000862910167599377 0.000625669661067272 0.000916730535562803 0.000764166277107961 0.00102540517008248 0.00067543514511477 0.000708397366785459 0.000576704783236963 0.00102095250505747 0.00121896101679133
0.000984836245236867 0.00118998301256775 0.00107209040027703 0.000971531612286091 0.000706092818346988 0.000747653496486067 0.00106837977983295 0.00158530946351339 0.00128069956242127 0.00095147553568836 0.000724052252579794 0.00122327218194538 0.00118839057103148 0.000626923701591914 0.00115918568588486 0.00106753753506056 0.00101084674889449 0.00137544677243506 0.00152058104331472 0.00073300096395009 0.0013464750745195 0.00139073922708694 0.00236431147295168 0.00088881794884975 0.000962476170915065 0.0014487856731129 0.000834980353212597 0.000759181974643668 0.000507431014056813 0.000949127099840009 0.00107207205206032 0.00072737025727975 0.000848720369997686 0.00147013059297104 0.00120792468743292 0.00144534129912509 0.0012094486677732 0.000836246181879852 0.00161450593367925 0.00202404673527269 0.00111075647877521 0.000469474672199234 0.000642549270987926 0.00122355353404115 0.00125211954237396 0.000757853162622882 0.000674045819720215 0.0011417383192088 0.00133707025689698 0.000747030713565743 0.000947542192730992 0.000893763556272838 0.000935005338192499 0.000832683399153971 0.00119721774033167 0.00101053898024173 0.000891083437252439 0.000892964958092807 0.00113161364412633 0.00124635067804117 0.00139301349448652 0.00107377180443253 0.00106425265773697 0.000915961645860741 0.00109986588120544 0.000601071652960783 0.00061977607668704 0.000536838647536092 0.000958391211674486 0.00114079784105452 0.00107979523689432 0.000859557594160775 0.00121903392023011 0.000978642833777417 0.00114809498451082 0.00143025423637531 0.000703449790394057 0.000777622319455744 0.000523745998742793 0.000913298927691743
0.00102947792792045 0.000852722851111631 0.000911310540556672 0.000956176472275397 0.000779958702733776 0.000690204187388271 0.000926333022787146 0.000404418732520224 0.000934273244832897 0.000985987458085098 0.00108109697416177 0.000882296403520935 0.000757511084905016 0.000796372184044298 0.00176083832519743 0.000507965906289386 0.00111903612361749 0.00143257573849278 0.00146181471383477 0.000701185558120804 0.00108151475272866 0.000880220229596479 0.00088881794884975 0.00222684447300609 0.000748345897901295 0.00106943842602925 0.00150303402553096 0.00115086718637815 0.000496758064852322 0.000716048660641196 0.000927323423532287 0.000787538573690349 0.000658151159596939 0.00077481048231776 0.00208307028282251 0.00161887248984083 0.000882567396116008 0.00102183623930187 0.000909456421544975 0.00128237230272552 0.000941921908922074 0.0009802496380254 0.00103864261612633 0.00104859351808009 0.000730215427866716 0.00148789782755493 0.00167309488715252 0.00104105000515387 0.00140892499276814 0.00132983057340964 0.000978400055907668 0.000655171747251147 0.00117290384395033 0.00118802156477712 0.000960766613535243 0.00127534510768989 0.00054952617706224 0.00118705630276017 0.000904724550100392 0.000976781168143723 0.000911306069470489 0.000921625821782279 0.000585821078728961 0.000967087738432986 0.0016521387593622 0.000681816616009369 0.000790339512695717 0.00102245696131478 0.000606160717792236 0.00120578397051099 0.0019550445292958 0.0012183182776385 0.000938199214751084 0.0010990730683214 0.000962118936535381 0.00132962221313633 0.000710154174809811 0.00127156589711396 0.000823115622633566 0.00109907666079892
